0 0
1 32
2 1
3 33
4 96
5 97
6 64
7 65
8 3
9 35
10 99
11 67
12 2
13 34
14 66
15 98
16 160
17 161
18 224
19 225
20 192
21 193
22 163
23 227
24 195
25 162
26 194
27 226
28 128
29 129
30 130
31 131
32 5
33 37
34 101
35 69
36 7
37 39
38 103
39 71
40 6
41 38
42 70
43 102
44 165
45 229
46 197
47 167
48 231
49 199
50 166
51 198
52 230
53 133
54 134
55 135
56 4
57 100
58 132
59 196
60 68
61 228
62 36
63 164
64 288
65 289
66 352
67 353
68 320
69 321
70 291
71 355
72 323
73 290
74 322
75 354
76 416
77 417
78 480
79 481
80 448
81 449
82 419
83 483
84 451
85 418
86 450
87 482
88 384
89 385
90 386
91 387
92 293
93 357
94 325
95 295
96 359
97 327
98 294
99 326
100 358
101 421
102 485
103 453
104 423
105 487
106 455
107 422
108 454
109 486
110 389
111 390
112 391
113 292
114 356
115 420
116 452
117 324
118 388
119 484
120 262
121 258
122 259
123 256
124 263
125 260
126 261
127 257
128 9
129 41
130 105
131 73
132 11
133 43
134 107
135 75
136 10
137 42
138 74
139 106
140 169
141 233
142 201
143 171
144 235
145 203
146 170
147 202
148 234
149 137
150 138
151 139
152 13
153 45
154 109
155 77
156 15
157 47
158 111
159 79
160 14
161 46
162 78
163 110
164 173
165 237
166 205
167 175
168 239
169 207
170 174
171 206
172 238
173 141
174 142
175 143
176 12
177 236
178 76
179 108
180 44
181 140
182 172
183 204
184 297
185 361
186 329
187 299
188 363
189 331
190 298
191 330
192 362
193 425
194 489
195 457
196 427
197 491
198 459
199 426
200 458
201 490
202 393
203 394
204 395
205 301
206 365
207 333
208 303
209 367
210 335
211 302
212 334
213 366
214 429
215 493
216 461
217 431
218 495
219 463
220 430
221 462
222 494
223 397
224 398
225 399
226 396
227 364
228 332
229 460
230 428
231 300
232 492
233 266
234 268
235 270
236 269
237 265
238 267
239 271
240 328
241 104
242 168
243 360
244 72
245 232
246 264
247 424
248 136
249 40
250 392
251 456
252 8
253 296
254 200
255 488
256 544
257 545
258 608
259 609
260 576
261 577
262 547
263 611
264 579
265 546
266 578
267 610
268 672
269 673
270 736
271 737
272 704
273 705
274 675
275 739
276 707
277 674
278 706
279 738
280 640
281 641
282 642
283 643
284 549
285 613
286 581
287 551
288 615
289 583
290 550
291 582
292 614
293 677
294 741
295 709
296 679
297 743
298 711
299 678
300 710
301 742
302 645
303 646
304 647
305 548
306 580
307 644
308 676
309 612
310 708
311 740
312 800
313 801
314 864
315 865
316 832
317 833
318 803
319 867
320 835
321 802
322 834
323 866
324 928
325 929
326 992
327 993
328 960
329 961
330 931
331 995
332 963
333 930
334 962
335 994
336 896
337 897
338 898
339 899
340 805
341 869
342 837
343 807
344 871
345 839
346 806
347 838
348 870
349 933
350 997
351 965
352 935
353 999
354 967
355 934
356 966
357 998
358 901
359 902
360 903
361 804
362 932
363 900
364 836
365 964
366 868
367 996
368 770
369 773
370 771
371 769
372 774
373 768
374 772
375 775
376 553
377 617
378 585
379 555
380 619
381 587
382 554
383 586
384 618
385 681
386 745
387 713
388 683
389 747
390 715
391 682
392 714
393 746
394 649
395 650
396 651
397 557
398 621
399 589
400 559
401 623
402 591
403 558
404 590
405 622
406 685
407 749
408 717
409 687
410 751
411 719
412 686
413 718
414 750
415 653
416 654
417 655
418 556
419 588
420 652
421 684
422 716
423 620
424 748
425 809
426 873
427 841
428 811
429 875
430 843
431 810
432 842
433 874
434 937
435 1001
436 969
437 939
438 1003
439 971
440 938
441 970
442 1002
443 905
444 906
445 907
446 813
447 877
448 845
449 815
450 879
451 847
452 814
453 846
454 878
455 941
456 1005
457 973
458 943
459 1007
460 975
461 942
462 974
463 1006
464 909
465 910
466 911
467 812
468 844
469 940
470 908
471 876
472 972
473 1004
474 778
475 777
476 780
477 782
478 781
479 783
480 779
481 840
482 776
483 808
484 872
485 904
486 936
487 968
488 552
489 584
490 616
491 648
492 680
493 712
494 1000
495 744
496 516
497 517
498 525
499 514
500 521
501 512
502 527
503 513
504 518
505 519
506 522
507 526
508 520
509 515
510 523
511 524
512 17
513 49
514 113
515 81
516 19
517 51
518 115
519 83
520 18
521 50
522 82
523 114
524 177
525 241
526 209
527 179
528 243
529 211
530 178
531 210
532 242
533 145
534 146
535 147
536 21
537 53
538 117
539 85
540 23
541 55
542 119
543 87
544 22
545 54
546 86
547 118
548 181
549 245
550 213
551 183
552 247
553 215
554 182
555 214
556 246
557 149
558 150
559 151
560 20
561 52
562 180
563 84
564 116
565 148
566 212
567 244
568 305
569 369
570 337
571 307
572 371
573 339
574 306
575 338
576 370
577 433
578 497
579 465
580 435
581 499
582 467
583 434
584 466
585 498
586 401
587 402
588 403
589 309
590 373
591 341
592 311
593 375
594 343
595 310
596 342
597 374
598 437
599 501
600 469
601 439
602 503
603 471
604 438
605 470
606 502
607 405
608 406
609 407
610 340
611 308
612 500
613 436
614 404
615 372
616 468
617 273
618 279
619 274
620 275
621 276
622 277
623 278
624 25
625 57
626 121
627 89
628 27
629 59
630 123
631 91
632 26
633 58
634 90
635 122
636 185
637 249
638 217
639 187
640 251
641 219
642 186
643 218
644 250
645 153
646 154
647 155
648 29
649 61
650 125
651 93
652 31
653 63
654 127
655 95
656 30
657 62
658 94
659 126
660 189
661 253
662 221
663 191
664 255
665 223
666 190
667 222
668 254
669 157
670 158
671 159
672 28
673 60
674 92
675 124
676 188
677 156
678 220
679 252
680 313
681 377
682 345
683 315
684 379
685 347
686 314
687 346
688 378
689 441
690 505
691 473
692 443
693 507
694 475
695 442
696 474
697 506
698 409
699 410
700 411
701 317
702 381
703 349
704 319
705 383
706 351
707 318
708 350
709 382
710 445
711 509
712 477
713 447
714 511
715 479
716 446
717 478
718 510
719 413
720 414
721 415
722 348
723 380
724 412
725 476
726 444
727 316
728 508
729 285
730 286
731 287
732 282
733 283
734 281
735 284
736 248
737 312
738 440
739 280
740 88
741 344
742 56
743 120
744 152
745 376
746 472
747 24
748 504
749 408
750 184
751 216
752 561
753 625
754 593
755 563
756 627
757 595
758 562
759 594
760 626
761 689
762 753
763 721
764 691
765 755
766 723
767 690
768 722
769 754
770 657
771 658
772 659
773 565
774 629
775 597
776 567
777 631
778 599
779 566
780 598
781 630
782 693
783 757
784 725
785 695
786 759
787 727
788 694
789 726
790 758
791 661
792 662
793 663
794 564
795 660
796 692
797 724
798 596
799 628
800 756
801 817
802 881
803 849
804 819
805 883
806 851
807 818
808 850
809 882
810 945
811 1009
812 977
813 947
814 1011
815 979
816 946
817 978
818 1010
819 913
820 914
821 915
822 821
823 885
824 853
825 823
826 887
827 855
828 822
829 854
830 886
831 949
832 1013
833 981
834 951
835 1015
836 983
837 950
838 982
839 1014
840 917
841 918
842 919
843 820
844 852
845 948
846 884
847 980
848 1012
849 916
850 790
851 788
852 787
853 786
854 785
855 791
856 789
857 569
858 633
859 601
860 571
861 635
862 603
863 570
864 602
865 634
866 697
867 761
868 729
869 699
870 763
871 731
872 698
873 730
874 762
875 665
876 666
877 667
878 573
879 637
880 605
881 575
882 639
883 607
884 574
885 606
886 638
887 701
888 765
889 733
890 703
891 767
892 735
893 702
894 734
895 766
896 669
897 670
898 671
899 572
900 668
901 700
902 636
903 732
904 764
905 604
906 825
907 889
908 857
909 827
910 891
911 859
912 826
913 858
914 890
915 953
916 1017
917 985
918 955
919 1019
920 987
921 954
922 986
923 1018
924 921
925 922
926 923
927 829
928 893
929 861
930 831
931 895
932 863
933 830
934 862
935 894
936 957
937 1021
938 989
939 959
940 1023
941 991
942 958
943 990
944 1022
945 925
946 926
947 927
948 1020
949 828
950 860
951 892
952 924
953 956
954 988
955 793
956 794
957 796
958 795
959 797
960 798
961 799
962 888
963 1016
964 568
965 984
966 792
967 920
968 600
969 728
970 856
971 696
972 760
973 824
974 632
975 664
976 952
977 537
978 533
979 540
980 543
981 539
982 535
983 529
984 542
985 534
986 531
987 532
988 538
989 536
990 541
991 530
992 16
993 304
994 688
995 336
996 752
997 592
998 464
999 944
1000 368
1001 400
1002 144
1003 176
1004 912
1005 848
1006 560
1007 48
1008 720
1009 208
1010 240
1011 112
1012 816
1013 432
1014 656
1015 496
1016 272
1017 880
1018 624
1019 976
1020 784
1021 528
1022 1008
1023 80
