0 0 43.56
0 2 -10.89
0 1 -10.89
2 2 43.56
2 0 -10.89
2 12 -10.89
2 3 -10.89
12 12 43.56
12 2 -10.89
12 8 -10.89
12 13 -10.89
8 8 43.56
8 12 -10.89
8 56 -10.89
8 9 -10.89
56 56 43.56
56 8 -10.89
56 32 -10.89
56 62 -10.89
32 32 43.56
32 56 -10.89
32 40 -10.89
32 33 -10.89
40 40 43.56
40 32 -10.89
40 36 -10.89
40 41 -10.89
36 36 43.56
36 40 -10.89
36 252 -10.89
36 37 -10.89
252 252 43.56
252 36 -10.89
252 128 -10.89
252 249 -10.89
128 128 43.56
128 252 -10.89
128 136 -10.89
128 129 -10.89
136 136 43.56
136 128 -10.89
136 132 -10.89
136 137 -10.89
132 132 43.56
132 136 -10.89
132 176 -10.89
132 133 -10.89
176 176 43.56
176 132 -10.89
176 152 -10.89
176 180 -10.89
152 152 43.56
152 176 -10.89
152 160 -10.89
152 153 -10.89
160 160 43.56
160 152 -10.89
160 156 -10.89
160 161 -10.89
156 156 43.56
156 160 -10.89
156 992 -10.89
156 157 -10.89
992 992 43.56
992 156 -10.89
992 512 -10.89
992 1007 -10.89
512 512 43.56
512 992 -10.89
512 520 -10.89
512 513 -10.89
520 520 43.56
520 512 -10.89
520 516 -10.89
520 521 -10.89
516 516 43.56
516 520 -10.89
516 560 -10.89
516 517 -10.89
560 560 43.56
560 516 -10.89
560 536 -10.89
560 561 -10.89
536 536 43.56
536 560 -10.89
536 544 -10.89
536 537 -10.89
544 544 43.56
544 536 -10.89
544 540 -10.89
544 545 -10.89
540 540 43.56
540 544 -10.89
540 747 -10.89
540 541 -10.89
747 747 43.56
747 540 -10.89
747 624 -10.89
747 742 -10.89
624 624 43.56
624 747 -10.89
624 632 -10.89
624 625 -10.89
632 632 43.56
632 624 -10.89
632 628 -10.89
632 633 -10.89
628 628 43.56
628 632 -10.89
628 672 -10.89
628 629 -10.89
672 672 43.56
672 628 -10.89
672 648 -10.89
672 673 -10.89
648 648 43.56
648 672 -10.89
648 656 -10.89
648 649 -10.89
656 656 43.56
656 648 -10.89
656 652 -10.89
656 657 -10.89
652 652 43.56
652 656 -10.89
652 653 -10.89
1 1 43.56
1 3 -10.89
1 0 -10.89
1 6 -10.89
3 3 43.56
3 1 -10.89
3 13 -10.89
3 2 -10.89
3 7 -10.89
13 13 43.56
13 3 -10.89
13 9 -10.89
13 12 -10.89
13 14 -10.89
9 9 43.56
9 13 -10.89
9 62 -10.89
9 8 -10.89
9 11 -10.89
62 62 43.56
62 9 -10.89
62 33 -10.89
62 56 -10.89
62 60 -10.89
33 33 43.56
33 62 -10.89
33 41 -10.89
33 32 -10.89
33 35 -10.89
41 41 43.56
41 33 -10.89
41 37 -10.89
41 40 -10.89
41 42 -10.89
37 37 43.56
37 41 -10.89
37 249 -10.89
37 36 -10.89
37 39 -10.89
249 249 43.56
249 37 -10.89
249 129 -10.89
249 252 -10.89
249 244 -10.89
129 129 43.56
129 249 -10.89
129 137 -10.89
129 128 -10.89
129 131 -10.89
137 137 43.56
137 129 -10.89
137 133 -10.89
137 136 -10.89
137 138 -10.89
133 133 43.56
133 137 -10.89
133 180 -10.89
133 132 -10.89
133 135 -10.89
180 180 43.56
180 133 -10.89
180 153 -10.89
180 176 -10.89
180 178 -10.89
153 153 43.56
153 180 -10.89
153 161 -10.89
153 152 -10.89
153 155 -10.89
161 161 43.56
161 153 -10.89
161 157 -10.89
161 160 -10.89
161 162 -10.89
157 157 43.56
157 161 -10.89
157 1007 -10.89
157 156 -10.89
157 159 -10.89
1007 1007 43.56
1007 157 -10.89
1007 513 -10.89
1007 992 -10.89
1007 1023 -10.89
513 513 43.56
513 1007 -10.89
513 521 -10.89
513 512 -10.89
513 515 -10.89
521 521 43.56
521 513 -10.89
521 517 -10.89
521 520 -10.89
521 522 -10.89
517 517 43.56
517 521 -10.89
517 561 -10.89
517 516 -10.89
517 519 -10.89
561 561 43.56
561 517 -10.89
561 537 -10.89
561 560 -10.89
561 563 -10.89
537 537 43.56
537 561 -10.89
537 545 -10.89
537 536 -10.89
537 539 -10.89
545 545 43.56
545 537 -10.89
545 541 -10.89
545 544 -10.89
545 546 -10.89
541 541 43.56
541 545 -10.89
541 742 -10.89
541 540 -10.89
541 543 -10.89
742 742 43.56
742 541 -10.89
742 625 -10.89
742 747 -10.89
742 740 -10.89
625 625 43.56
625 742 -10.89
625 633 -10.89
625 624 -10.89
625 627 -10.89
633 633 43.56
633 625 -10.89
633 629 -10.89
633 632 -10.89
633 634 -10.89
629 629 43.56
629 633 -10.89
629 673 -10.89
629 628 -10.89
629 631 -10.89
673 673 43.56
673 629 -10.89
673 649 -10.89
673 672 -10.89
673 674 -10.89
649 649 43.56
649 673 -10.89
649 657 -10.89
649 648 -10.89
649 651 -10.89
657 657 43.56
657 649 -10.89
657 653 -10.89
657 656 -10.89
657 658 -10.89
653 653 43.56
653 657 -10.89
653 652 -10.89
653 655 -10.89
6 6 43.56
6 7 -10.89
6 1 -10.89
6 4 -10.89
7 7 43.56
7 6 -10.89
7 14 -10.89
7 3 -10.89
7 5 -10.89
14 14 43.56
14 7 -10.89
14 11 -10.89
14 13 -10.89
14 15 -10.89
11 11 43.56
11 14 -10.89
11 60 -10.89
11 9 -10.89
11 10 -10.89
60 60 43.56
60 11 -10.89
60 35 -10.89
60 62 -10.89
60 57 -10.89
35 35 43.56
35 60 -10.89
35 42 -10.89
35 33 -10.89
35 34 -10.89
42 42 43.56
42 35 -10.89
42 39 -10.89
42 41 -10.89
42 43 -10.89
39 39 43.56
39 42 -10.89
39 244 -10.89
39 37 -10.89
39 38 -10.89
244 244 43.56
244 39 -10.89
244 131 -10.89
244 249 -10.89
244 241 -10.89
131 131 43.56
131 244 -10.89
131 138 -10.89
131 129 -10.89
131 130 -10.89
138 138 43.56
138 131 -10.89
138 135 -10.89
138 137 -10.89
138 139 -10.89
135 135 43.56
135 138 -10.89
135 178 -10.89
135 133 -10.89
135 134 -10.89
178 178 43.56
178 135 -10.89
178 155 -10.89
178 180 -10.89
178 179 -10.89
155 155 43.56
155 178 -10.89
155 162 -10.89
155 153 -10.89
155 154 -10.89
162 162 43.56
162 155 -10.89
162 159 -10.89
162 161 -10.89
162 163 -10.89
159 159 43.56
159 162 -10.89
159 1023 -10.89
159 157 -10.89
159 158 -10.89
1023 1023 43.56
1023 159 -10.89
1023 515 -10.89
1023 1007 -10.89
1023 1011 -10.89
515 515 43.56
515 1023 -10.89
515 522 -10.89
515 513 -10.89
515 514 -10.89
522 522 43.56
522 515 -10.89
522 519 -10.89
522 521 -10.89
522 523 -10.89
519 519 43.56
519 522 -10.89
519 563 -10.89
519 517 -10.89
519 518 -10.89
563 563 43.56
563 519 -10.89
563 539 -10.89
563 561 -10.89
563 564 -10.89
539 539 43.56
539 563 -10.89
539 546 -10.89
539 537 -10.89
539 538 -10.89
546 546 43.56
546 539 -10.89
546 543 -10.89
546 545 -10.89
546 547 -10.89
543 543 43.56
543 546 -10.89
543 740 -10.89
543 541 -10.89
543 542 -10.89
740 740 43.56
740 543 -10.89
740 627 -10.89
740 742 -10.89
740 743 -10.89
627 627 43.56
627 740 -10.89
627 634 -10.89
627 625 -10.89
627 626 -10.89
634 634 43.56
634 627 -10.89
634 631 -10.89
634 633 -10.89
634 635 -10.89
631 631 43.56
631 634 -10.89
631 674 -10.89
631 629 -10.89
631 630 -10.89
674 674 43.56
674 631 -10.89
674 651 -10.89
674 673 -10.89
674 675 -10.89
651 651 43.56
651 674 -10.89
651 658 -10.89
651 649 -10.89
651 650 -10.89
658 658 43.56
658 651 -10.89
658 655 -10.89
658 657 -10.89
658 659 -10.89
655 655 43.56
655 658 -10.89
655 653 -10.89
655 654 -10.89
4 4 43.56
4 5 -10.89
4 6 -10.89
4 28 -10.89
5 5 43.56
5 4 -10.89
5 15 -10.89
5 7 -10.89
5 29 -10.89
15 15 43.56
15 5 -10.89
15 10 -10.89
15 14 -10.89
15 30 -10.89
10 10 43.56
10 15 -10.89
10 57 -10.89
10 11 -10.89
10 31 -10.89
57 57 43.56
57 10 -10.89
57 34 -10.89
57 60 -10.89
57 58 -10.89
34 34 43.56
34 57 -10.89
34 43 -10.89
34 35 -10.89
34 53 -10.89
43 43 43.56
43 34 -10.89
43 38 -10.89
43 42 -10.89
43 54 -10.89
38 38 43.56
38 43 -10.89
38 241 -10.89
38 39 -10.89
38 55 -10.89
241 241 43.56
241 38 -10.89
241 130 -10.89
241 244 -10.89
241 248 -10.89
130 130 43.56
130 241 -10.89
130 139 -10.89
130 131 -10.89
130 149 -10.89
139 139 43.56
139 130 -10.89
139 134 -10.89
139 138 -10.89
139 150 -10.89
134 134 43.56
134 139 -10.89
134 179 -10.89
134 135 -10.89
134 151 -10.89
179 179 43.56
179 134 -10.89
179 154 -10.89
179 178 -10.89
179 181 -10.89
154 154 43.56
154 179 -10.89
154 163 -10.89
154 155 -10.89
154 173 -10.89
163 163 43.56
163 154 -10.89
163 158 -10.89
163 162 -10.89
163 174 -10.89
158 158 43.56
158 163 -10.89
158 1011 -10.89
158 159 -10.89
158 175 -10.89
1011 1011 43.56
1011 158 -10.89
1011 514 -10.89
1011 1023 -10.89
1011 1002 -10.89
514 514 43.56
514 1011 -10.89
514 523 -10.89
514 515 -10.89
514 533 -10.89
523 523 43.56
523 514 -10.89
523 518 -10.89
523 522 -10.89
523 534 -10.89
518 518 43.56
518 523 -10.89
518 564 -10.89
518 519 -10.89
518 535 -10.89
564 564 43.56
564 518 -10.89
564 538 -10.89
564 563 -10.89
564 565 -10.89
538 538 43.56
538 564 -10.89
538 547 -10.89
538 539 -10.89
538 557 -10.89
547 547 43.56
547 538 -10.89
547 542 -10.89
547 546 -10.89
547 558 -10.89
542 542 43.56
542 547 -10.89
542 743 -10.89
542 543 -10.89
542 559 -10.89
743 743 43.56
743 542 -10.89
743 626 -10.89
743 740 -10.89
743 744 -10.89
626 626 43.56
626 743 -10.89
626 635 -10.89
626 627 -10.89
626 645 -10.89
635 635 43.56
635 626 -10.89
635 630 -10.89
635 634 -10.89
635 646 -10.89
630 630 43.56
630 635 -10.89
630 675 -10.89
630 631 -10.89
630 647 -10.89
675 675 43.56
675 630 -10.89
675 650 -10.89
675 674 -10.89
675 677 -10.89
650 650 43.56
650 675 -10.89
650 659 -10.89
650 651 -10.89
650 669 -10.89
659 659 43.56
659 650 -10.89
659 654 -10.89
659 658 -10.89
659 670 -10.89
654 654 43.56
654 659 -10.89
654 655 -10.89
654 671 -10.89
28 28 43.56
28 29 -10.89
28 4 -10.89
28 16 -10.89
29 29 43.56
29 28 -10.89
29 30 -10.89
29 5 -10.89
29 17 -10.89
30 30 43.56
30 29 -10.89
30 31 -10.89
30 15 -10.89
30 25 -10.89
31 31 43.56
31 30 -10.89
31 58 -10.89
31 10 -10.89
31 22 -10.89
58 58 43.56
58 31 -10.89
58 53 -10.89
58 57 -10.89
58 63 -10.89
53 53 43.56
53 58 -10.89
53 54 -10.89
53 34 -10.89
53 44 -10.89
54 54 43.56
54 53 -10.89
54 55 -10.89
54 43 -10.89
54 50 -10.89
55 55 43.56
55 54 -10.89
55 248 -10.89
55 38 -10.89
55 47 -10.89
248 248 43.56
248 55 -10.89
248 149 -10.89
248 241 -10.89
248 242 -10.89
149 149 43.56
149 248 -10.89
149 150 -10.89
149 130 -10.89
149 140 -10.89
150 150 43.56
150 149 -10.89
150 151 -10.89
150 139 -10.89
150 146 -10.89
151 151 43.56
151 150 -10.89
151 181 -10.89
151 134 -10.89
151 143 -10.89
181 181 43.56
181 151 -10.89
181 173 -10.89
181 179 -10.89
181 182 -10.89
173 173 43.56
173 181 -10.89
173 174 -10.89
173 154 -10.89
173 164 -10.89
174 174 43.56
174 173 -10.89
174 175 -10.89
174 163 -10.89
174 170 -10.89
175 175 43.56
175 174 -10.89
175 1002 -10.89
175 158 -10.89
175 167 -10.89
1002 1002 43.56
1002 175 -10.89
1002 533 -10.89
1002 1011 -10.89
1002 1003 -10.89
533 533 43.56
533 1002 -10.89
533 534 -10.89
533 514 -10.89
533 524 -10.89
534 534 43.56
534 533 -10.89
534 535 -10.89
534 523 -10.89
534 530 -10.89
535 535 43.56
535 534 -10.89
535 565 -10.89
535 518 -10.89
535 527 -10.89
565 565 43.56
565 535 -10.89
565 557 -10.89
565 564 -10.89
565 562 -10.89
557 557 43.56
557 565 -10.89
557 558 -10.89
557 538 -10.89
557 548 -10.89
558 558 43.56
558 557 -10.89
558 559 -10.89
558 547 -10.89
558 554 -10.89
559 559 43.56
559 558 -10.89
559 744 -10.89
559 542 -10.89
559 551 -10.89
744 744 43.56
744 559 -10.89
744 645 -10.89
744 743 -10.89
744 750 -10.89
645 645 43.56
645 744 -10.89
645 646 -10.89
645 626 -10.89
645 636 -10.89
646 646 43.56
646 645 -10.89
646 647 -10.89
646 635 -10.89
646 642 -10.89
647 647 43.56
647 646 -10.89
647 677 -10.89
647 630 -10.89
647 639 -10.89
677 677 43.56
677 647 -10.89
677 669 -10.89
677 675 -10.89
677 676 -10.89
669 669 43.56
669 677 -10.89
669 670 -10.89
669 650 -10.89
669 660 -10.89
670 670 43.56
670 669 -10.89
670 671 -10.89
670 659 -10.89
670 666 -10.89
671 671 43.56
671 670 -10.89
671 654 -10.89
671 663 -10.89
16 16 43.56
16 17 -10.89
16 28 -10.89
16 20 -10.89
17 17 43.56
17 16 -10.89
17 25 -10.89
17 29 -10.89
17 21 -10.89
25 25 43.56
25 17 -10.89
25 22 -10.89
25 30 -10.89
25 26 -10.89
22 22 43.56
22 25 -10.89
22 63 -10.89
22 31 -10.89
22 24 -10.89
63 63 43.56
63 22 -10.89
63 44 -10.89
63 58 -10.89
63 59 -10.89
44 44 43.56
44 63 -10.89
44 50 -10.89
44 53 -10.89
44 46 -10.89
50 50 43.56
50 44 -10.89
50 47 -10.89
50 54 -10.89
50 51 -10.89
47 47 43.56
47 50 -10.89
47 242 -10.89
47 55 -10.89
47 49 -10.89
242 242 43.56
242 47 -10.89
242 140 -10.89
242 248 -10.89
242 254 -10.89
140 140 43.56
140 242 -10.89
140 146 -10.89
140 149 -10.89
140 142 -10.89
146 146 43.56
146 140 -10.89
146 143 -10.89
146 150 -10.89
146 147 -10.89
143 143 43.56
143 146 -10.89
143 182 -10.89
143 151 -10.89
143 145 -10.89
182 182 43.56
182 143 -10.89
182 164 -10.89
182 181 -10.89
182 183 -10.89
164 164 43.56
164 182 -10.89
164 170 -10.89
164 173 -10.89
164 166 -10.89
170 170 43.56
170 164 -10.89
170 167 -10.89
170 174 -10.89
170 171 -10.89
167 167 43.56
167 170 -10.89
167 1003 -10.89
167 175 -10.89
167 169 -10.89
1003 1003 43.56
1003 167 -10.89
1003 524 -10.89
1003 1002 -10.89
1003 1009 -10.89
524 524 43.56
524 1003 -10.89
524 530 -10.89
524 533 -10.89
524 526 -10.89
530 530 43.56
530 524 -10.89
530 527 -10.89
530 534 -10.89
530 531 -10.89
527 527 43.56
527 530 -10.89
527 562 -10.89
527 535 -10.89
527 529 -10.89
562 562 43.56
562 527 -10.89
562 548 -10.89
562 565 -10.89
562 566 -10.89
548 548 43.56
548 562 -10.89
548 554 -10.89
548 557 -10.89
548 550 -10.89
554 554 43.56
554 548 -10.89
554 551 -10.89
554 558 -10.89
554 555 -10.89
551 551 43.56
551 554 -10.89
551 750 -10.89
551 559 -10.89
551 553 -10.89
750 750 43.56
750 551 -10.89
750 636 -10.89
750 744 -10.89
750 751 -10.89
636 636 43.56
636 750 -10.89
636 642 -10.89
636 645 -10.89
636 638 -10.89
642 642 43.56
642 636 -10.89
642 639 -10.89
642 646 -10.89
642 643 -10.89
639 639 43.56
639 642 -10.89
639 676 -10.89
639 647 -10.89
639 641 -10.89
676 676 43.56
676 639 -10.89
676 660 -10.89
676 677 -10.89
676 678 -10.89
660 660 43.56
660 676 -10.89
660 666 -10.89
660 669 -10.89
660 662 -10.89
666 666 43.56
666 660 -10.89
666 663 -10.89
666 670 -10.89
666 667 -10.89
663 663 43.56
663 666 -10.89
663 671 -10.89
663 665 -10.89
20 20 43.56
20 21 -10.89
20 16 -10.89
20 18 -10.89
21 21 43.56
21 20 -10.89
21 26 -10.89
21 17 -10.89
21 19 -10.89
26 26 43.56
26 21 -10.89
26 24 -10.89
26 25 -10.89
26 27 -10.89
24 24 43.56
24 26 -10.89
24 59 -10.89
24 22 -10.89
24 23 -10.89
59 59 43.56
59 24 -10.89
59 46 -10.89
59 63 -10.89
59 61 -10.89
46 46 43.56
46 59 -10.89
46 51 -10.89
46 44 -10.89
46 45 -10.89
51 51 43.56
51 46 -10.89
51 49 -10.89
51 50 -10.89
51 52 -10.89
49 49 43.56
49 51 -10.89
49 254 -10.89
49 47 -10.89
49 48 -10.89
254 254 43.56
254 49 -10.89
254 142 -10.89
254 242 -10.89
254 245 -10.89
142 142 43.56
142 254 -10.89
142 147 -10.89
142 140 -10.89
142 141 -10.89
147 147 43.56
147 142 -10.89
147 145 -10.89
147 146 -10.89
147 148 -10.89
145 145 43.56
145 147 -10.89
145 183 -10.89
145 143 -10.89
145 144 -10.89
183 183 43.56
183 145 -10.89
183 166 -10.89
183 182 -10.89
183 177 -10.89
166 166 43.56
166 183 -10.89
166 171 -10.89
166 164 -10.89
166 165 -10.89
171 171 43.56
171 166 -10.89
171 169 -10.89
171 170 -10.89
171 172 -10.89
169 169 43.56
169 171 -10.89
169 1009 -10.89
169 167 -10.89
169 168 -10.89
1009 1009 43.56
1009 169 -10.89
1009 526 -10.89
1009 1003 -10.89
1009 1010 -10.89
526 526 43.56
526 1009 -10.89
526 531 -10.89
526 524 -10.89
526 525 -10.89
531 531 43.56
531 526 -10.89
531 529 -10.89
531 530 -10.89
531 532 -10.89
529 529 43.56
529 531 -10.89
529 566 -10.89
529 527 -10.89
529 528 -10.89
566 566 43.56
566 529 -10.89
566 550 -10.89
566 562 -10.89
566 567 -10.89
550 550 43.56
550 566 -10.89
550 555 -10.89
550 548 -10.89
550 549 -10.89
555 555 43.56
555 550 -10.89
555 553 -10.89
555 554 -10.89
555 556 -10.89
553 553 43.56
553 555 -10.89
553 751 -10.89
553 551 -10.89
553 552 -10.89
751 751 43.56
751 553 -10.89
751 638 -10.89
751 750 -10.89
751 736 -10.89
638 638 43.56
638 751 -10.89
638 643 -10.89
638 636 -10.89
638 637 -10.89
643 643 43.56
643 638 -10.89
643 641 -10.89
643 642 -10.89
643 644 -10.89
641 641 43.56
641 643 -10.89
641 678 -10.89
641 639 -10.89
641 640 -10.89
678 678 43.56
678 641 -10.89
678 662 -10.89
678 676 -10.89
678 679 -10.89
662 662 43.56
662 678 -10.89
662 667 -10.89
662 660 -10.89
662 661 -10.89
667 667 43.56
667 662 -10.89
667 665 -10.89
667 666 -10.89
667 668 -10.89
665 665 43.56
665 667 -10.89
665 663 -10.89
665 664 -10.89
18 18 43.56
18 19 -10.89
18 20 -10.89
18 123 -10.89
19 19 43.56
19 18 -10.89
19 27 -10.89
19 21 -10.89
19 127 -10.89
27 27 43.56
27 19 -10.89
27 23 -10.89
27 26 -10.89
27 121 -10.89
23 23 43.56
23 27 -10.89
23 61 -10.89
23 24 -10.89
23 122 -10.89
61 61 43.56
61 23 -10.89
61 45 -10.89
61 59 -10.89
61 125 -10.89
45 45 43.56
45 61 -10.89
45 52 -10.89
45 46 -10.89
45 126 -10.89
52 52 43.56
52 45 -10.89
52 48 -10.89
52 51 -10.89
52 120 -10.89
48 48 43.56
48 52 -10.89
48 245 -10.89
48 49 -10.89
48 124 -10.89
245 245 43.56
245 48 -10.89
245 141 -10.89
245 254 -10.89
245 246 -10.89
141 141 43.56
141 245 -10.89
141 148 -10.89
141 142 -10.89
141 237 -10.89
148 148 43.56
148 141 -10.89
148 144 -10.89
148 147 -10.89
148 233 -10.89
144 144 43.56
144 148 -10.89
144 177 -10.89
144 145 -10.89
144 238 -10.89
177 177 43.56
177 144 -10.89
177 165 -10.89
177 183 -10.89
177 234 -10.89
165 165 43.56
165 177 -10.89
165 172 -10.89
165 166 -10.89
165 236 -10.89
172 172 43.56
172 165 -10.89
172 168 -10.89
172 171 -10.89
172 235 -10.89
168 168 43.56
168 172 -10.89
168 1010 -10.89
168 169 -10.89
168 239 -10.89
1010 1010 43.56
1010 168 -10.89
1010 525 -10.89
1010 1009 -10.89
1010 1016 -10.89
525 525 43.56
525 1010 -10.89
525 532 -10.89
525 526 -10.89
525 617 -10.89
532 532 43.56
532 525 -10.89
532 528 -10.89
532 531 -10.89
532 619 -10.89
528 528 43.56
528 532 -10.89
528 567 -10.89
528 529 -10.89
528 620 -10.89
567 567 43.56
567 528 -10.89
567 549 -10.89
567 566 -10.89
567 621 -10.89
549 549 43.56
549 567 -10.89
549 556 -10.89
549 550 -10.89
549 622 -10.89
556 556 43.56
556 549 -10.89
556 552 -10.89
556 555 -10.89
556 623 -10.89
552 552 43.56
552 556 -10.89
552 736 -10.89
552 553 -10.89
552 618 -10.89
736 736 43.56
736 552 -10.89
736 637 -10.89
736 751 -10.89
736 739 -10.89
637 637 43.56
637 736 -10.89
637 644 -10.89
637 638 -10.89
637 734 -10.89
644 644 43.56
644 637 -10.89
644 640 -10.89
644 643 -10.89
644 732 -10.89
640 640 43.56
640 644 -10.89
640 679 -10.89
640 641 -10.89
640 733 -10.89
679 679 43.56
679 640 -10.89
679 661 -10.89
679 678 -10.89
679 735 -10.89
661 661 43.56
661 679 -10.89
661 668 -10.89
661 662 -10.89
661 729 -10.89
668 668 43.56
668 661 -10.89
668 664 -10.89
668 667 -10.89
668 730 -10.89
664 664 43.56
664 668 -10.89
664 665 -10.89
664 731 -10.89
123 123 43.56
123 127 -10.89
123 18 -10.89
123 64 -10.89
127 127 43.56
127 123 -10.89
127 121 -10.89
127 19 -10.89
127 65 -10.89
121 121 43.56
121 127 -10.89
121 122 -10.89
121 27 -10.89
121 73 -10.89
122 122 43.56
122 121 -10.89
122 125 -10.89
122 23 -10.89
122 70 -10.89
125 125 43.56
125 122 -10.89
125 126 -10.89
125 61 -10.89
125 113 -10.89
126 126 43.56
126 125 -10.89
126 120 -10.89
126 45 -10.89
126 92 -10.89
120 120 43.56
120 126 -10.89
120 124 -10.89
120 52 -10.89
120 98 -10.89
124 124 43.56
124 120 -10.89
124 246 -10.89
124 48 -10.89
124 95 -10.89
246 246 43.56
246 124 -10.89
246 237 -10.89
246 245 -10.89
246 253 -10.89
237 237 43.56
237 246 -10.89
237 233 -10.89
237 141 -10.89
237 184 -10.89
233 233 43.56
233 237 -10.89
233 238 -10.89
233 148 -10.89
233 190 -10.89
238 238 43.56
238 233 -10.89
238 234 -10.89
238 144 -10.89
238 187 -10.89
234 234 43.56
234 238 -10.89
234 236 -10.89
234 177 -10.89
234 231 -10.89
236 236 43.56
236 234 -10.89
236 235 -10.89
236 165 -10.89
236 205 -10.89
235 235 43.56
235 236 -10.89
235 239 -10.89
235 172 -10.89
235 211 -10.89
239 239 43.56
239 235 -10.89
239 1016 -10.89
239 168 -10.89
239 208 -10.89
1016 1016 43.56
1016 239 -10.89
1016 617 -10.89
1016 1010 -10.89
1016 993 -10.89
617 617 43.56
617 1016 -10.89
617 619 -10.89
617 525 -10.89
617 568 -10.89
619 619 43.56
619 617 -10.89
619 620 -10.89
619 532 -10.89
619 574 -10.89
620 620 43.56
620 619 -10.89
620 621 -10.89
620 528 -10.89
620 571 -10.89
621 621 43.56
621 620 -10.89
621 622 -10.89
621 567 -10.89
621 611 -10.89
622 622 43.56
622 621 -10.89
622 623 -10.89
622 549 -10.89
622 589 -10.89
623 623 43.56
623 622 -10.89
623 618 -10.89
623 556 -10.89
623 595 -10.89
618 618 43.56
618 623 -10.89
618 739 -10.89
618 552 -10.89
618 592 -10.89
739 739 43.56
739 618 -10.89
739 734 -10.89
739 736 -10.89
739 737 -10.89
734 734 43.56
734 739 -10.89
734 732 -10.89
734 637 -10.89
734 680 -10.89
732 732 43.56
732 734 -10.89
732 733 -10.89
732 644 -10.89
732 686 -10.89
733 733 43.56
733 732 -10.89
733 735 -10.89
733 640 -10.89
733 683 -10.89
735 735 43.56
735 733 -10.89
735 729 -10.89
735 679 -10.89
735 727 -10.89
729 729 43.56
729 735 -10.89
729 730 -10.89
729 661 -10.89
729 701 -10.89
730 730 43.56
730 729 -10.89
730 731 -10.89
730 668 -10.89
730 707 -10.89
731 731 43.56
731 730 -10.89
731 664 -10.89
731 704 -10.89
64 64 43.56
64 65 -10.89
64 123 -10.89
64 68 -10.89
65 65 43.56
65 64 -10.89
65 73 -10.89
65 127 -10.89
65 69 -10.89
73 73 43.56
73 65 -10.89
73 70 -10.89
73 121 -10.89
73 74 -10.89
70 70 43.56
70 73 -10.89
70 113 -10.89
70 122 -10.89
70 72 -10.89
113 113 43.56
113 70 -10.89
113 92 -10.89
113 125 -10.89
113 117 -10.89
92 92 43.56
92 113 -10.89
92 98 -10.89
92 126 -10.89
92 94 -10.89
98 98 43.56
98 92 -10.89
98 95 -10.89
98 120 -10.89
98 99 -10.89
95 95 43.56
95 98 -10.89
95 253 -10.89
95 124 -10.89
95 97 -10.89
253 253 43.56
253 95 -10.89
253 184 -10.89
253 246 -10.89
253 240 -10.89
184 184 43.56
184 253 -10.89
184 190 -10.89
184 237 -10.89
184 186 -10.89
190 190 43.56
190 184 -10.89
190 187 -10.89
190 233 -10.89
190 191 -10.89
187 187 43.56
187 190 -10.89
187 231 -10.89
187 238 -10.89
187 189 -10.89
231 231 43.56
231 187 -10.89
231 205 -10.89
231 234 -10.89
231 228 -10.89
205 205 43.56
205 231 -10.89
205 211 -10.89
205 236 -10.89
205 207 -10.89
211 211 43.56
211 205 -10.89
211 208 -10.89
211 235 -10.89
211 212 -10.89
208 208 43.56
208 211 -10.89
208 993 -10.89
208 239 -10.89
208 210 -10.89
993 993 43.56
993 208 -10.89
993 568 -10.89
993 1016 -10.89
993 995 -10.89
568 568 43.56
568 993 -10.89
568 574 -10.89
568 617 -10.89
568 570 -10.89
574 574 43.56
574 568 -10.89
574 571 -10.89
574 619 -10.89
574 575 -10.89
571 571 43.56
571 574 -10.89
571 611 -10.89
571 620 -10.89
571 573 -10.89
611 611 43.56
611 571 -10.89
611 589 -10.89
611 621 -10.89
611 610 -10.89
589 589 43.56
589 611 -10.89
589 595 -10.89
589 622 -10.89
589 591 -10.89
595 595 43.56
595 589 -10.89
595 592 -10.89
595 623 -10.89
595 596 -10.89
592 592 43.56
592 595 -10.89
592 737 -10.89
592 618 -10.89
592 594 -10.89
737 737 43.56
737 592 -10.89
737 680 -10.89
737 739 -10.89
737 741 -10.89
680 680 43.56
680 737 -10.89
680 686 -10.89
680 734 -10.89
680 682 -10.89
686 686 43.56
686 680 -10.89
686 683 -10.89
686 732 -10.89
686 687 -10.89
683 683 43.56
683 686 -10.89
683 727 -10.89
683 733 -10.89
683 685 -10.89
727 727 43.56
727 683 -10.89
727 701 -10.89
727 735 -10.89
727 722 -10.89
701 701 43.56
701 727 -10.89
701 707 -10.89
701 729 -10.89
701 703 -10.89
707 707 43.56
707 701 -10.89
707 704 -10.89
707 730 -10.89
707 708 -10.89
704 704 43.56
704 707 -10.89
704 731 -10.89
704 706 -10.89
68 68 43.56
68 69 -10.89
68 64 -10.89
68 66 -10.89
69 69 43.56
69 68 -10.89
69 74 -10.89
69 65 -10.89
69 67 -10.89
74 74 43.56
74 69 -10.89
74 72 -10.89
74 73 -10.89
74 75 -10.89
72 72 43.56
72 74 -10.89
72 117 -10.89
72 70 -10.89
72 71 -10.89
117 117 43.56
117 72 -10.89
117 94 -10.89
117 113 -10.89
117 114 -10.89
94 94 43.56
94 117 -10.89
94 99 -10.89
94 92 -10.89
94 93 -10.89
99 99 43.56
99 94 -10.89
99 97 -10.89
99 98 -10.89
99 100 -10.89
97 97 43.56
97 99 -10.89
97 240 -10.89
97 95 -10.89
97 96 -10.89
240 240 43.56
240 97 -10.89
240 186 -10.89
240 253 -10.89
240 243 -10.89
186 186 43.56
186 240 -10.89
186 191 -10.89
186 184 -10.89
186 185 -10.89
191 191 43.56
191 186 -10.89
191 189 -10.89
191 190 -10.89
191 192 -10.89
189 189 43.56
189 191 -10.89
189 228 -10.89
189 187 -10.89
189 188 -10.89
228 228 43.56
228 189 -10.89
228 207 -10.89
228 231 -10.89
228 227 -10.89
207 207 43.56
207 228 -10.89
207 212 -10.89
207 205 -10.89
207 206 -10.89
212 212 43.56
212 207 -10.89
212 210 -10.89
212 211 -10.89
212 213 -10.89
210 210 43.56
210 212 -10.89
210 995 -10.89
210 208 -10.89
210 209 -10.89
995 995 43.56
995 210 -10.89
995 570 -10.89
995 993 -10.89
995 1000 -10.89
570 570 43.56
570 995 -10.89
570 575 -10.89
570 568 -10.89
570 569 -10.89
575 575 43.56
575 570 -10.89
575 573 -10.89
575 574 -10.89
575 576 -10.89
573 573 43.56
573 575 -10.89
573 610 -10.89
573 571 -10.89
573 572 -10.89
610 610 43.56
610 573 -10.89
610 591 -10.89
610 611 -10.89
610 615 -10.89
591 591 43.56
591 610 -10.89
591 596 -10.89
591 589 -10.89
591 590 -10.89
596 596 43.56
596 591 -10.89
596 594 -10.89
596 595 -10.89
596 597 -10.89
594 594 43.56
594 596 -10.89
594 741 -10.89
594 592 -10.89
594 593 -10.89
741 741 43.56
741 594 -10.89
741 682 -10.89
741 737 -10.89
741 745 -10.89
682 682 43.56
682 741 -10.89
682 687 -10.89
682 680 -10.89
682 681 -10.89
687 687 43.56
687 682 -10.89
687 685 -10.89
687 686 -10.89
687 688 -10.89
685 685 43.56
685 687 -10.89
685 722 -10.89
685 683 -10.89
685 684 -10.89
722 722 43.56
722 685 -10.89
722 703 -10.89
722 727 -10.89
722 723 -10.89
703 703 43.56
703 722 -10.89
703 708 -10.89
703 701 -10.89
703 702 -10.89
708 708 43.56
708 703 -10.89
708 706 -10.89
708 707 -10.89
708 709 -10.89
706 706 43.56
706 708 -10.89
706 704 -10.89
706 705 -10.89
66 66 43.56
66 67 -10.89
66 68 -10.89
66 88 -10.89
67 67 43.56
67 66 -10.89
67 75 -10.89
67 69 -10.89
67 89 -10.89
75 75 43.56
75 67 -10.89
75 71 -10.89
75 74 -10.89
75 90 -10.89
71 71 43.56
71 75 -10.89
71 114 -10.89
71 72 -10.89
71 91 -10.89
114 114 43.56
114 71 -10.89
114 93 -10.89
114 117 -10.89
114 118 -10.89
93 93 43.56
93 114 -10.89
93 100 -10.89
93 94 -10.89
93 110 -10.89
100 100 43.56
100 93 -10.89
100 96 -10.89
100 99 -10.89
100 111 -10.89
96 96 43.56
96 100 -10.89
96 243 -10.89
96 97 -10.89
96 112 -10.89
243 243 43.56
243 96 -10.89
243 185 -10.89
243 240 -10.89
243 250 -10.89
185 185 43.56
185 243 -10.89
185 192 -10.89
185 186 -10.89
185 202 -10.89
192 192 43.56
192 185 -10.89
192 188 -10.89
192 191 -10.89
192 203 -10.89
188 188 43.56
188 192 -10.89
188 227 -10.89
188 189 -10.89
188 204 -10.89
227 227 43.56
227 188 -10.89
227 206 -10.89
227 228 -10.89
227 226 -10.89
206 206 43.56
206 227 -10.89
206 213 -10.89
206 207 -10.89
206 223 -10.89
213 213 43.56
213 206 -10.89
213 209 -10.89
213 212 -10.89
213 224 -10.89
209 209 43.56
209 213 -10.89
209 1000 -10.89
209 210 -10.89
209 225 -10.89
1000 1000 43.56
1000 209 -10.89
1000 569 -10.89
1000 995 -10.89
1000 1001 -10.89
569 569 43.56
569 1000 -10.89
569 576 -10.89
569 570 -10.89
569 586 -10.89
576 576 43.56
576 569 -10.89
576 572 -10.89
576 575 -10.89
576 587 -10.89
572 572 43.56
572 576 -10.89
572 615 -10.89
572 573 -10.89
572 588 -10.89
615 615 43.56
615 572 -10.89
615 590 -10.89
615 610 -10.89
615 614 -10.89
590 590 43.56
590 615 -10.89
590 597 -10.89
590 591 -10.89
590 607 -10.89
597 597 43.56
597 590 -10.89
597 593 -10.89
597 596 -10.89
597 608 -10.89
593 593 43.56
593 597 -10.89
593 745 -10.89
593 594 -10.89
593 609 -10.89
745 745 43.56
745 593 -10.89
745 681 -10.89
745 741 -10.89
745 749 -10.89
681 681 43.56
681 745 -10.89
681 688 -10.89
681 682 -10.89
681 698 -10.89
688 688 43.56
688 681 -10.89
688 684 -10.89
688 687 -10.89
688 699 -10.89
684 684 43.56
684 688 -10.89
684 723 -10.89
684 685 -10.89
684 700 -10.89
723 723 43.56
723 684 -10.89
723 702 -10.89
723 722 -10.89
723 724 -10.89
702 702 43.56
702 723 -10.89
702 709 -10.89
702 703 -10.89
702 719 -10.89
709 709 43.56
709 702 -10.89
709 705 -10.89
709 708 -10.89
709 720 -10.89
705 705 43.56
705 709 -10.89
705 706 -10.89
705 721 -10.89
88 88 43.56
88 89 -10.89
88 66 -10.89
88 76 -10.89
89 89 43.56
89 88 -10.89
89 90 -10.89
89 67 -10.89
89 77 -10.89
90 90 43.56
90 89 -10.89
90 91 -10.89
90 75 -10.89
90 85 -10.89
91 91 43.56
91 90 -10.89
91 118 -10.89
91 71 -10.89
91 82 -10.89
118 118 43.56
118 91 -10.89
118 110 -10.89
118 114 -10.89
118 115 -10.89
110 110 43.56
110 118 -10.89
110 111 -10.89
110 93 -10.89
110 101 -10.89
111 111 43.56
111 110 -10.89
111 112 -10.89
111 100 -10.89
111 107 -10.89
112 112 43.56
112 111 -10.89
112 250 -10.89
112 96 -10.89
112 104 -10.89
250 250 43.56
250 112 -10.89
250 202 -10.89
250 243 -10.89
250 247 -10.89
202 202 43.56
202 250 -10.89
202 203 -10.89
202 185 -10.89
202 193 -10.89
203 203 43.56
203 202 -10.89
203 204 -10.89
203 192 -10.89
203 199 -10.89
204 204 43.56
204 203 -10.89
204 226 -10.89
204 188 -10.89
204 196 -10.89
226 226 43.56
226 204 -10.89
226 223 -10.89
226 227 -10.89
226 230 -10.89
223 223 43.56
223 226 -10.89
223 224 -10.89
223 206 -10.89
223 214 -10.89
224 224 43.56
224 223 -10.89
224 225 -10.89
224 213 -10.89
224 220 -10.89
225 225 43.56
225 224 -10.89
225 1001 -10.89
225 209 -10.89
225 217 -10.89
1001 1001 43.56
1001 225 -10.89
1001 586 -10.89
1001 1000 -10.89
1001 1013 -10.89
586 586 43.56
586 1001 -10.89
586 587 -10.89
586 569 -10.89
586 577 -10.89
587 587 43.56
587 586 -10.89
587 588 -10.89
587 576 -10.89
587 583 -10.89
588 588 43.56
588 587 -10.89
588 614 -10.89
588 572 -10.89
588 580 -10.89
614 614 43.56
614 588 -10.89
614 607 -10.89
614 615 -10.89
614 613 -10.89
607 607 43.56
607 614 -10.89
607 608 -10.89
607 590 -10.89
607 598 -10.89
608 608 43.56
608 607 -10.89
608 609 -10.89
608 597 -10.89
608 604 -10.89
609 609 43.56
609 608 -10.89
609 749 -10.89
609 593 -10.89
609 601 -10.89
749 749 43.56
749 609 -10.89
749 698 -10.89
749 745 -10.89
749 738 -10.89
698 698 43.56
698 749 -10.89
698 699 -10.89
698 681 -10.89
698 689 -10.89
699 699 43.56
699 698 -10.89
699 700 -10.89
699 688 -10.89
699 695 -10.89
700 700 43.56
700 699 -10.89
700 724 -10.89
700 684 -10.89
700 692 -10.89
724 724 43.56
724 700 -10.89
724 719 -10.89
724 723 -10.89
724 726 -10.89
719 719 43.56
719 724 -10.89
719 720 -10.89
719 702 -10.89
719 710 -10.89
720 720 43.56
720 719 -10.89
720 721 -10.89
720 709 -10.89
720 716 -10.89
721 721 43.56
721 720 -10.89
721 705 -10.89
721 713 -10.89
76 76 43.56
76 77 -10.89
76 88 -10.89
76 80 -10.89
77 77 43.56
77 76 -10.89
77 85 -10.89
77 89 -10.89
77 81 -10.89
85 85 43.56
85 77 -10.89
85 82 -10.89
85 90 -10.89
85 86 -10.89
82 82 43.56
82 85 -10.89
82 115 -10.89
82 91 -10.89
82 84 -10.89
115 115 43.56
115 82 -10.89
115 101 -10.89
115 118 -10.89
115 116 -10.89
101 101 43.56
101 115 -10.89
101 107 -10.89
101 110 -10.89
101 103 -10.89
107 107 43.56
107 101 -10.89
107 104 -10.89
107 111 -10.89
107 108 -10.89
104 104 43.56
104 107 -10.89
104 247 -10.89
104 112 -10.89
104 106 -10.89
247 247 43.56
247 104 -10.89
247 193 -10.89
247 250 -10.89
247 251 -10.89
193 193 43.56
193 247 -10.89
193 199 -10.89
193 202 -10.89
193 195 -10.89
199 199 43.56
199 193 -10.89
199 196 -10.89
199 203 -10.89
199 200 -10.89
196 196 43.56
196 199 -10.89
196 230 -10.89
196 204 -10.89
196 198 -10.89
230 230 43.56
230 196 -10.89
230 214 -10.89
230 226 -10.89
230 229 -10.89
214 214 43.56
214 230 -10.89
214 220 -10.89
214 223 -10.89
214 216 -10.89
220 220 43.56
220 214 -10.89
220 217 -10.89
220 224 -10.89
220 221 -10.89
217 217 43.56
217 220 -10.89
217 1013 -10.89
217 225 -10.89
217 219 -10.89
1013 1013 43.56
1013 217 -10.89
1013 577 -10.89
1013 1001 -10.89
1013 998 -10.89
577 577 43.56
577 1013 -10.89
577 583 -10.89
577 586 -10.89
577 579 -10.89
583 583 43.56
583 577 -10.89
583 580 -10.89
583 587 -10.89
583 584 -10.89
580 580 43.56
580 583 -10.89
580 613 -10.89
580 588 -10.89
580 582 -10.89
613 613 43.56
613 580 -10.89
613 598 -10.89
613 614 -10.89
613 616 -10.89
598 598 43.56
598 613 -10.89
598 604 -10.89
598 607 -10.89
598 600 -10.89
604 604 43.56
604 598 -10.89
604 601 -10.89
604 608 -10.89
604 605 -10.89
601 601 43.56
601 604 -10.89
601 738 -10.89
601 609 -10.89
601 603 -10.89
738 738 43.56
738 601 -10.89
738 689 -10.89
738 749 -10.89
738 746 -10.89
689 689 43.56
689 738 -10.89
689 695 -10.89
689 698 -10.89
689 691 -10.89
695 695 43.56
695 689 -10.89
695 692 -10.89
695 699 -10.89
695 696 -10.89
692 692 43.56
692 695 -10.89
692 726 -10.89
692 700 -10.89
692 694 -10.89
726 726 43.56
726 692 -10.89
726 710 -10.89
726 724 -10.89
726 725 -10.89
710 710 43.56
710 726 -10.89
710 716 -10.89
710 719 -10.89
710 712 -10.89
716 716 43.56
716 710 -10.89
716 713 -10.89
716 720 -10.89
716 717 -10.89
713 713 43.56
713 716 -10.89
713 721 -10.89
713 715 -10.89
80 80 43.56
80 81 -10.89
80 76 -10.89
80 78 -10.89
81 81 43.56
81 80 -10.89
81 86 -10.89
81 77 -10.89
81 79 -10.89
86 86 43.56
86 81 -10.89
86 84 -10.89
86 85 -10.89
86 87 -10.89
84 84 43.56
84 86 -10.89
84 116 -10.89
84 82 -10.89
84 83 -10.89
116 116 43.56
116 84 -10.89
116 103 -10.89
116 115 -10.89
116 119 -10.89
103 103 43.56
103 116 -10.89
103 108 -10.89
103 101 -10.89
103 102 -10.89
108 108 43.56
108 103 -10.89
108 106 -10.89
108 107 -10.89
108 109 -10.89
106 106 43.56
106 108 -10.89
106 251 -10.89
106 104 -10.89
106 105 -10.89
251 251 43.56
251 106 -10.89
251 195 -10.89
251 247 -10.89
251 255 -10.89
195 195 43.56
195 251 -10.89
195 200 -10.89
195 193 -10.89
195 194 -10.89
200 200 43.56
200 195 -10.89
200 198 -10.89
200 199 -10.89
200 201 -10.89
198 198 43.56
198 200 -10.89
198 229 -10.89
198 196 -10.89
198 197 -10.89
229 229 43.56
229 198 -10.89
229 216 -10.89
229 230 -10.89
229 232 -10.89
216 216 43.56
216 229 -10.89
216 221 -10.89
216 214 -10.89
216 215 -10.89
221 221 43.56
221 216 -10.89
221 219 -10.89
221 220 -10.89
221 222 -10.89
219 219 43.56
219 221 -10.89
219 998 -10.89
219 217 -10.89
219 218 -10.89
998 998 43.56
998 219 -10.89
998 579 -10.89
998 1013 -10.89
998 1015 -10.89
579 579 43.56
579 998 -10.89
579 584 -10.89
579 577 -10.89
579 578 -10.89
584 584 43.56
584 579 -10.89
584 582 -10.89
584 583 -10.89
584 585 -10.89
582 582 43.56
582 584 -10.89
582 616 -10.89
582 580 -10.89
582 581 -10.89
616 616 43.56
616 582 -10.89
616 600 -10.89
616 613 -10.89
616 612 -10.89
600 600 43.56
600 616 -10.89
600 605 -10.89
600 598 -10.89
600 599 -10.89
605 605 43.56
605 600 -10.89
605 603 -10.89
605 604 -10.89
605 606 -10.89
603 603 43.56
603 605 -10.89
603 746 -10.89
603 601 -10.89
603 602 -10.89
746 746 43.56
746 603 -10.89
746 691 -10.89
746 738 -10.89
746 748 -10.89
691 691 43.56
691 746 -10.89
691 696 -10.89
691 689 -10.89
691 690 -10.89
696 696 43.56
696 691 -10.89
696 694 -10.89
696 695 -10.89
696 697 -10.89
694 694 43.56
694 696 -10.89
694 725 -10.89
694 692 -10.89
694 693 -10.89
725 725 43.56
725 694 -10.89
725 712 -10.89
725 726 -10.89
725 728 -10.89
712 712 43.56
712 725 -10.89
712 717 -10.89
712 710 -10.89
712 711 -10.89
717 717 43.56
717 712 -10.89
717 715 -10.89
717 716 -10.89
717 718 -10.89
715 715 43.56
715 717 -10.89
715 713 -10.89
715 714 -10.89
78 78 43.56
78 79 -10.89
78 80 -10.89
78 501 -10.89
79 79 43.56
79 78 -10.89
79 87 -10.89
79 81 -10.89
79 503 -10.89
87 87 43.56
87 79 -10.89
87 83 -10.89
87 86 -10.89
87 499 -10.89
83 83 43.56
83 87 -10.89
83 119 -10.89
83 84 -10.89
83 509 -10.89
119 119 43.56
119 83 -10.89
119 102 -10.89
119 116 -10.89
119 496 -10.89
102 102 43.56
102 119 -10.89
102 109 -10.89
102 103 -10.89
102 497 -10.89
109 109 43.56
109 102 -10.89
109 105 -10.89
109 108 -10.89
109 504 -10.89
105 105 43.56
105 109 -10.89
105 255 -10.89
105 106 -10.89
105 505 -10.89
255 255 43.56
255 105 -10.89
255 194 -10.89
255 251 -10.89
255 508 -10.89
194 194 43.56
194 255 -10.89
194 201 -10.89
194 195 -10.89
194 500 -10.89
201 201 43.56
201 194 -10.89
201 197 -10.89
201 200 -10.89
201 506 -10.89
197 197 43.56
197 201 -10.89
197 232 -10.89
197 198 -10.89
197 510 -10.89
232 232 43.56
232 197 -10.89
232 215 -10.89
232 229 -10.89
232 511 -10.89
215 215 43.56
215 232 -10.89
215 222 -10.89
215 216 -10.89
215 498 -10.89
222 222 43.56
222 215 -10.89
222 218 -10.89
222 221 -10.89
222 507 -10.89
218 218 43.56
218 222 -10.89
218 1015 -10.89
218 219 -10.89
218 502 -10.89
1015 1015 43.56
1015 218 -10.89
1015 578 -10.89
1015 998 -10.89
1015 1021 -10.89
578 578 43.56
578 1015 -10.89
578 585 -10.89
578 579 -10.89
578 983 -10.89
585 585 43.56
585 578 -10.89
585 581 -10.89
585 584 -10.89
585 991 -10.89
581 581 43.56
581 585 -10.89
581 612 -10.89
581 582 -10.89
581 986 -10.89
612 612 43.56
612 581 -10.89
612 599 -10.89
612 616 -10.89
612 987 -10.89
599 599 43.56
599 612 -10.89
599 606 -10.89
599 600 -10.89
599 978 -10.89
606 606 43.56
606 599 -10.89
606 602 -10.89
606 605 -10.89
606 985 -10.89
602 602 43.56
602 606 -10.89
602 748 -10.89
602 603 -10.89
602 982 -10.89
748 748 43.56
748 602 -10.89
748 690 -10.89
748 746 -10.89
748 989 -10.89
690 690 43.56
690 748 -10.89
690 697 -10.89
690 691 -10.89
690 977 -10.89
697 697 43.56
697 690 -10.89
697 693 -10.89
697 696 -10.89
697 988 -10.89
693 693 43.56
693 697 -10.89
693 728 -10.89
693 694 -10.89
693 981 -10.89
728 728 43.56
728 693 -10.89
728 711 -10.89
728 725 -10.89
728 979 -10.89
711 711 43.56
711 728 -10.89
711 718 -10.89
711 712 -10.89
711 990 -10.89
718 718 43.56
718 711 -10.89
718 714 -10.89
718 717 -10.89
718 984 -10.89
714 714 43.56
714 718 -10.89
714 715 -10.89
714 980 -10.89
501 501 43.56
501 503 -10.89
501 78 -10.89
501 256 -10.89
503 503 43.56
503 501 -10.89
503 499 -10.89
503 79 -10.89
503 257 -10.89
499 499 43.56
499 503 -10.89
499 509 -10.89
499 87 -10.89
499 265 -10.89
509 509 43.56
509 499 -10.89
509 496 -10.89
509 83 -10.89
509 262 -10.89
496 496 43.56
496 509 -10.89
496 497 -10.89
496 119 -10.89
496 305 -10.89
497 497 43.56
497 496 -10.89
497 504 -10.89
497 102 -10.89
497 284 -10.89
504 504 43.56
504 497 -10.89
504 505 -10.89
504 109 -10.89
504 290 -10.89
505 505 43.56
505 504 -10.89
505 508 -10.89
505 105 -10.89
505 287 -10.89
508 508 43.56
508 505 -10.89
508 500 -10.89
508 255 -10.89
508 488 -10.89
500 500 43.56
500 508 -10.89
500 506 -10.89
500 194 -10.89
500 376 -10.89
506 506 43.56
506 500 -10.89
506 510 -10.89
506 201 -10.89
506 382 -10.89
510 510 43.56
510 506 -10.89
510 511 -10.89
510 197 -10.89
510 379 -10.89
511 511 43.56
511 510 -10.89
511 498 -10.89
511 232 -10.89
511 418 -10.89
498 498 43.56
498 511 -10.89
498 507 -10.89
498 215 -10.89
498 397 -10.89
507 507 43.56
507 498 -10.89
507 502 -10.89
507 222 -10.89
507 403 -10.89
502 502 43.56
502 507 -10.89
502 1021 -10.89
502 218 -10.89
502 400 -10.89
1021 1021 43.56
1021 502 -10.89
1021 983 -10.89
1021 1015 -10.89
1021 1006 -10.89
983 983 43.56
983 1021 -10.89
983 991 -10.89
983 578 -10.89
983 752 -10.89
991 991 43.56
991 983 -10.89
991 986 -10.89
991 585 -10.89
991 758 -10.89
986 986 43.56
986 991 -10.89
986 987 -10.89
986 581 -10.89
986 755 -10.89
987 987 43.56
987 986 -10.89
987 978 -10.89
987 612 -10.89
987 794 -10.89
978 978 43.56
978 987 -10.89
978 985 -10.89
978 599 -10.89
978 773 -10.89
985 985 43.56
985 978 -10.89
985 982 -10.89
985 606 -10.89
985 779 -10.89
982 982 43.56
982 985 -10.89
982 989 -10.89
982 602 -10.89
982 776 -10.89
989 989 43.56
989 982 -10.89
989 977 -10.89
989 748 -10.89
989 964 -10.89
977 977 43.56
977 989 -10.89
977 988 -10.89
977 690 -10.89
977 857 -10.89
988 988 43.56
988 977 -10.89
988 981 -10.89
988 697 -10.89
988 863 -10.89
981 981 43.56
981 988 -10.89
981 979 -10.89
981 693 -10.89
981 860 -10.89
979 979 43.56
979 981 -10.89
979 990 -10.89
979 728 -10.89
979 899 -10.89
990 990 43.56
990 979 -10.89
990 984 -10.89
990 711 -10.89
990 878 -10.89
984 984 43.56
984 990 -10.89
984 980 -10.89
984 718 -10.89
984 884 -10.89
980 980 43.56
980 984 -10.89
980 714 -10.89
980 881 -10.89
256 256 43.56
256 257 -10.89
256 501 -10.89
256 260 -10.89
257 257 43.56
257 256 -10.89
257 265 -10.89
257 503 -10.89
257 261 -10.89
265 265 43.56
265 257 -10.89
265 262 -10.89
265 499 -10.89
265 266 -10.89
262 262 43.56
262 265 -10.89
262 305 -10.89
262 509 -10.89
262 264 -10.89
305 305 43.56
305 262 -10.89
305 284 -10.89
305 496 -10.89
305 306 -10.89
284 284 43.56
284 305 -10.89
284 290 -10.89
284 497 -10.89
284 286 -10.89
290 290 43.56
290 284 -10.89
290 287 -10.89
290 504 -10.89
290 291 -10.89
287 287 43.56
287 290 -10.89
287 488 -10.89
287 505 -10.89
287 289 -10.89
488 488 43.56
488 287 -10.89
488 376 -10.89
488 508 -10.89
488 489 -10.89
376 376 43.56
376 488 -10.89
376 382 -10.89
376 500 -10.89
376 378 -10.89
382 382 43.56
382 376 -10.89
382 379 -10.89
382 506 -10.89
382 383 -10.89
379 379 43.56
379 382 -10.89
379 418 -10.89
379 510 -10.89
379 381 -10.89
418 418 43.56
418 379 -10.89
418 397 -10.89
418 511 -10.89
418 419 -10.89
397 397 43.56
397 418 -10.89
397 403 -10.89
397 498 -10.89
397 399 -10.89
403 403 43.56
403 397 -10.89
403 400 -10.89
403 507 -10.89
403 404 -10.89
400 400 43.56
400 403 -10.89
400 1006 -10.89
400 502 -10.89
400 402 -10.89
1006 1006 43.56
1006 400 -10.89
1006 752 -10.89
1006 1021 -10.89
1006 997 -10.89
752 752 43.56
752 1006 -10.89
752 758 -10.89
752 983 -10.89
752 754 -10.89
758 758 43.56
758 752 -10.89
758 755 -10.89
758 991 -10.89
758 759 -10.89
755 755 43.56
755 758 -10.89
755 794 -10.89
755 986 -10.89
755 757 -10.89
794 794 43.56
794 755 -10.89
794 773 -10.89
794 987 -10.89
794 798 -10.89
773 773 43.56
773 794 -10.89
773 779 -10.89
773 978 -10.89
773 775 -10.89
779 779 43.56
779 773 -10.89
779 776 -10.89
779 985 -10.89
779 780 -10.89
776 776 43.56
776 779 -10.89
776 964 -10.89
776 982 -10.89
776 778 -10.89
964 964 43.56
964 776 -10.89
964 857 -10.89
964 989 -10.89
964 968 -10.89
857 857 43.56
857 964 -10.89
857 863 -10.89
857 977 -10.89
857 859 -10.89
863 863 43.56
863 857 -10.89
863 860 -10.89
863 988 -10.89
863 864 -10.89
860 860 43.56
860 863 -10.89
860 899 -10.89
860 981 -10.89
860 862 -10.89
899 899 43.56
899 860 -10.89
899 878 -10.89
899 979 -10.89
899 905 -10.89
878 878 43.56
878 899 -10.89
878 884 -10.89
878 990 -10.89
878 880 -10.89
884 884 43.56
884 878 -10.89
884 881 -10.89
884 984 -10.89
884 885 -10.89
881 881 43.56
881 884 -10.89
881 980 -10.89
881 883 -10.89
260 260 43.56
260 261 -10.89
260 256 -10.89
260 258 -10.89
261 261 43.56
261 260 -10.89
261 266 -10.89
261 257 -10.89
261 259 -10.89
266 266 43.56
266 261 -10.89
266 264 -10.89
266 265 -10.89
266 267 -10.89
264 264 43.56
264 266 -10.89
264 306 -10.89
264 262 -10.89
264 263 -10.89
306 306 43.56
306 264 -10.89
306 286 -10.89
306 305 -10.89
306 309 -10.89
286 286 43.56
286 306 -10.89
286 291 -10.89
286 284 -10.89
286 285 -10.89
291 291 43.56
291 286 -10.89
291 289 -10.89
291 290 -10.89
291 292 -10.89
289 289 43.56
289 291 -10.89
289 489 -10.89
289 287 -10.89
289 288 -10.89
489 489 43.56
489 289 -10.89
489 378 -10.89
489 488 -10.89
489 490 -10.89
378 378 43.56
378 489 -10.89
378 383 -10.89
378 376 -10.89
378 377 -10.89
383 383 43.56
383 378 -10.89
383 381 -10.89
383 382 -10.89
383 384 -10.89
381 381 43.56
381 383 -10.89
381 419 -10.89
381 379 -10.89
381 380 -10.89
419 419 43.56
419 381 -10.89
419 399 -10.89
419 418 -10.89
419 423 -10.89
399 399 43.56
399 419 -10.89
399 404 -10.89
399 397 -10.89
399 398 -10.89
404 404 43.56
404 399 -10.89
404 402 -10.89
404 403 -10.89
404 405 -10.89
402 402 43.56
402 404 -10.89
402 997 -10.89
402 400 -10.89
402 401 -10.89
997 997 43.56
997 402 -10.89
997 754 -10.89
997 1006 -10.89
997 1018 -10.89
754 754 43.56
754 997 -10.89
754 759 -10.89
754 752 -10.89
754 753 -10.89
759 759 43.56
759 754 -10.89
759 757 -10.89
759 758 -10.89
759 760 -10.89
757 757 43.56
757 759 -10.89
757 798 -10.89
757 755 -10.89
757 756 -10.89
798 798 43.56
798 757 -10.89
798 775 -10.89
798 794 -10.89
798 799 -10.89
775 775 43.56
775 798 -10.89
775 780 -10.89
775 773 -10.89
775 774 -10.89
780 780 43.56
780 775 -10.89
780 778 -10.89
780 779 -10.89
780 781 -10.89
778 778 43.56
778 780 -10.89
778 968 -10.89
778 776 -10.89
778 777 -10.89
968 968 43.56
968 778 -10.89
968 859 -10.89
968 964 -10.89
968 974 -10.89
859 859 43.56
859 968 -10.89
859 864 -10.89
859 857 -10.89
859 858 -10.89
864 864 43.56
864 859 -10.89
864 862 -10.89
864 863 -10.89
864 865 -10.89
862 862 43.56
862 864 -10.89
862 905 -10.89
862 860 -10.89
862 861 -10.89
905 905 43.56
905 862 -10.89
905 880 -10.89
905 899 -10.89
905 902 -10.89
880 880 43.56
880 905 -10.89
880 885 -10.89
880 878 -10.89
880 879 -10.89
885 885 43.56
885 880 -10.89
885 883 -10.89
885 884 -10.89
885 886 -10.89
883 883 43.56
883 885 -10.89
883 881 -10.89
883 882 -10.89
258 258 43.56
258 259 -10.89
258 260 -10.89
258 280 -10.89
259 259 43.56
259 258 -10.89
259 267 -10.89
259 261 -10.89
259 281 -10.89
267 267 43.56
267 259 -10.89
267 263 -10.89
267 266 -10.89
267 282 -10.89
263 263 43.56
263 267 -10.89
263 309 -10.89
263 264 -10.89
263 283 -10.89
309 309 43.56
309 263 -10.89
309 285 -10.89
309 306 -10.89
309 307 -10.89
285 285 43.56
285 309 -10.89
285 292 -10.89
285 286 -10.89
285 302 -10.89
292 292 43.56
292 285 -10.89
292 288 -10.89
292 291 -10.89
292 303 -10.89
288 288 43.56
288 292 -10.89
288 490 -10.89
288 289 -10.89
288 304 -10.89
490 490 43.56
490 288 -10.89
490 377 -10.89
490 489 -10.89
490 491 -10.89
377 377 43.56
377 490 -10.89
377 384 -10.89
377 378 -10.89
377 394 -10.89
384 384 43.56
384 377 -10.89
384 380 -10.89
384 383 -10.89
384 395 -10.89
380 380 43.56
380 384 -10.89
380 423 -10.89
380 381 -10.89
380 396 -10.89
423 423 43.56
423 380 -10.89
423 398 -10.89
423 419 -10.89
423 420 -10.89
398 398 43.56
398 423 -10.89
398 405 -10.89
398 399 -10.89
398 415 -10.89
405 405 43.56
405 398 -10.89
405 401 -10.89
405 404 -10.89
405 416 -10.89
401 401 43.56
401 405 -10.89
401 1018 -10.89
401 402 -10.89
401 417 -10.89
1018 1018 43.56
1018 401 -10.89
1018 753 -10.89
1018 997 -10.89
1018 1014 -10.89
753 753 43.56
753 1018 -10.89
753 760 -10.89
753 754 -10.89
753 770 -10.89
760 760 43.56
760 753 -10.89
760 756 -10.89
760 759 -10.89
760 771 -10.89
756 756 43.56
756 760 -10.89
756 799 -10.89
756 757 -10.89
756 772 -10.89
799 799 43.56
799 756 -10.89
799 774 -10.89
799 798 -10.89
799 795 -10.89
774 774 43.56
774 799 -10.89
774 781 -10.89
774 775 -10.89
774 791 -10.89
781 781 43.56
781 774 -10.89
781 777 -10.89
781 780 -10.89
781 792 -10.89
777 777 43.56
777 781 -10.89
777 974 -10.89
777 778 -10.89
777 793 -10.89
974 974 43.56
974 777 -10.89
974 858 -10.89
974 968 -10.89
974 975 -10.89
858 858 43.56
858 974 -10.89
858 865 -10.89
858 859 -10.89
858 875 -10.89
865 865 43.56
865 858 -10.89
865 861 -10.89
865 864 -10.89
865 876 -10.89
861 861 43.56
861 865 -10.89
861 902 -10.89
861 862 -10.89
861 877 -10.89
902 902 43.56
902 861 -10.89
902 879 -10.89
902 905 -10.89
902 900 -10.89
879 879 43.56
879 902 -10.89
879 886 -10.89
879 880 -10.89
879 896 -10.89
886 886 43.56
886 879 -10.89
886 882 -10.89
886 885 -10.89
886 897 -10.89
882 882 43.56
882 886 -10.89
882 883 -10.89
882 898 -10.89
280 280 43.56
280 281 -10.89
280 258 -10.89
280 268 -10.89
281 281 43.56
281 280 -10.89
281 282 -10.89
281 259 -10.89
281 269 -10.89
282 282 43.56
282 281 -10.89
282 283 -10.89
282 267 -10.89
282 277 -10.89
283 283 43.56
283 282 -10.89
283 307 -10.89
283 263 -10.89
283 274 -10.89
307 307 43.56
307 283 -10.89
307 302 -10.89
307 309 -10.89
307 308 -10.89
302 302 43.56
302 307 -10.89
302 303 -10.89
302 285 -10.89
302 293 -10.89
303 303 43.56
303 302 -10.89
303 304 -10.89
303 292 -10.89
303 299 -10.89
304 304 43.56
304 303 -10.89
304 491 -10.89
304 288 -10.89
304 296 -10.89
491 491 43.56
491 304 -10.89
491 394 -10.89
491 490 -10.89
491 492 -10.89
394 394 43.56
394 491 -10.89
394 395 -10.89
394 377 -10.89
394 385 -10.89
395 395 43.56
395 394 -10.89
395 396 -10.89
395 384 -10.89
395 391 -10.89
396 396 43.56
396 395 -10.89
396 420 -10.89
396 380 -10.89
396 388 -10.89
420 420 43.56
420 396 -10.89
420 415 -10.89
420 423 -10.89
420 421 -10.89
415 415 43.56
415 420 -10.89
415 416 -10.89
415 398 -10.89
415 406 -10.89
416 416 43.56
416 415 -10.89
416 417 -10.89
416 405 -10.89
416 412 -10.89
417 417 43.56
417 416 -10.89
417 1014 -10.89
417 401 -10.89
417 409 -10.89
1014 1014 43.56
1014 417 -10.89
1014 770 -10.89
1014 1018 -10.89
1014 994 -10.89
770 770 43.56
770 1014 -10.89
770 771 -10.89
770 753 -10.89
770 761 -10.89
771 771 43.56
771 770 -10.89
771 772 -10.89
771 760 -10.89
771 767 -10.89
772 772 43.56
772 771 -10.89
772 795 -10.89
772 756 -10.89
772 764 -10.89
795 795 43.56
795 772 -10.89
795 791 -10.89
795 799 -10.89
795 796 -10.89
791 791 43.56
791 795 -10.89
791 792 -10.89
791 774 -10.89
791 782 -10.89
792 792 43.56
792 791 -10.89
792 793 -10.89
792 781 -10.89
792 788 -10.89
793 793 43.56
793 792 -10.89
793 975 -10.89
793 777 -10.89
793 785 -10.89
975 975 43.56
975 793 -10.89
975 875 -10.89
975 974 -10.89
975 971 -10.89
875 875 43.56
875 975 -10.89
875 876 -10.89
875 858 -10.89
875 866 -10.89
876 876 43.56
876 875 -10.89
876 877 -10.89
876 865 -10.89
876 872 -10.89
877 877 43.56
877 876 -10.89
877 900 -10.89
877 861 -10.89
877 869 -10.89
900 900 43.56
900 877 -10.89
900 896 -10.89
900 902 -10.89
900 901 -10.89
896 896 43.56
896 900 -10.89
896 897 -10.89
896 879 -10.89
896 887 -10.89
897 897 43.56
897 896 -10.89
897 898 -10.89
897 886 -10.89
897 893 -10.89
898 898 43.56
898 897 -10.89
898 882 -10.89
898 890 -10.89
268 268 43.56
268 269 -10.89
268 280 -10.89
268 272 -10.89
269 269 43.56
269 268 -10.89
269 277 -10.89
269 281 -10.89
269 273 -10.89
277 277 43.56
277 269 -10.89
277 274 -10.89
277 282 -10.89
277 278 -10.89
274 274 43.56
274 277 -10.89
274 308 -10.89
274 283 -10.89
274 276 -10.89
308 308 43.56
308 274 -10.89
308 293 -10.89
308 307 -10.89
308 310 -10.89
293 293 43.56
293 308 -10.89
293 299 -10.89
293 302 -10.89
293 295 -10.89
299 299 43.56
299 293 -10.89
299 296 -10.89
299 303 -10.89
299 300 -10.89
296 296 43.56
296 299 -10.89
296 492 -10.89
296 304 -10.89
296 298 -10.89
492 492 43.56
492 296 -10.89
492 385 -10.89
492 491 -10.89
492 493 -10.89
385 385 43.56
385 492 -10.89
385 391 -10.89
385 394 -10.89
385 387 -10.89
391 391 43.56
391 385 -10.89
391 388 -10.89
391 395 -10.89
391 392 -10.89
388 388 43.56
388 391 -10.89
388 421 -10.89
388 396 -10.89
388 390 -10.89
421 421 43.56
421 388 -10.89
421 406 -10.89
421 420 -10.89
421 422 -10.89
406 406 43.56
406 421 -10.89
406 412 -10.89
406 415 -10.89
406 408 -10.89
412 412 43.56
412 406 -10.89
412 409 -10.89
412 416 -10.89
412 413 -10.89
409 409 43.56
409 412 -10.89
409 994 -10.89
409 417 -10.89
409 411 -10.89
994 994 43.56
994 409 -10.89
994 761 -10.89
994 1014 -10.89
994 1008 -10.89
761 761 43.56
761 994 -10.89
761 767 -10.89
761 770 -10.89
761 763 -10.89
767 767 43.56
767 761 -10.89
767 764 -10.89
767 771 -10.89
767 768 -10.89
764 764 43.56
764 767 -10.89
764 796 -10.89
764 772 -10.89
764 766 -10.89
796 796 43.56
796 764 -10.89
796 782 -10.89
796 795 -10.89
796 797 -10.89
782 782 43.56
782 796 -10.89
782 788 -10.89
782 791 -10.89
782 784 -10.89
788 788 43.56
788 782 -10.89
788 785 -10.89
788 792 -10.89
788 789 -10.89
785 785 43.56
785 788 -10.89
785 971 -10.89
785 793 -10.89
785 787 -10.89
971 971 43.56
971 785 -10.89
971 866 -10.89
971 975 -10.89
971 969 -10.89
866 866 43.56
866 971 -10.89
866 872 -10.89
866 875 -10.89
866 868 -10.89
872 872 43.56
872 866 -10.89
872 869 -10.89
872 876 -10.89
872 873 -10.89
869 869 43.56
869 872 -10.89
869 901 -10.89
869 877 -10.89
869 871 -10.89
901 901 43.56
901 869 -10.89
901 887 -10.89
901 900 -10.89
901 903 -10.89
887 887 43.56
887 901 -10.89
887 893 -10.89
887 896 -10.89
887 889 -10.89
893 893 43.56
893 887 -10.89
893 890 -10.89
893 897 -10.89
893 894 -10.89
890 890 43.56
890 893 -10.89
890 898 -10.89
890 892 -10.89
272 272 43.56
272 273 -10.89
272 268 -10.89
272 270 -10.89
273 273 43.56
273 272 -10.89
273 278 -10.89
273 269 -10.89
273 271 -10.89
278 278 43.56
278 273 -10.89
278 276 -10.89
278 277 -10.89
278 279 -10.89
276 276 43.56
276 278 -10.89
276 310 -10.89
276 274 -10.89
276 275 -10.89
310 310 43.56
310 276 -10.89
310 295 -10.89
310 308 -10.89
310 311 -10.89
295 295 43.56
295 310 -10.89
295 300 -10.89
295 293 -10.89
295 294 -10.89
300 300 43.56
300 295 -10.89
300 298 -10.89
300 299 -10.89
300 301 -10.89
298 298 43.56
298 300 -10.89
298 493 -10.89
298 296 -10.89
298 297 -10.89
493 493 43.56
493 298 -10.89
493 387 -10.89
493 492 -10.89
493 495 -10.89
387 387 43.56
387 493 -10.89
387 392 -10.89
387 385 -10.89
387 386 -10.89
392 392 43.56
392 387 -10.89
392 390 -10.89
392 391 -10.89
392 393 -10.89
390 390 43.56
390 392 -10.89
390 422 -10.89
390 388 -10.89
390 389 -10.89
422 422 43.56
422 390 -10.89
422 408 -10.89
422 421 -10.89
422 424 -10.89
408 408 43.56
408 422 -10.89
408 413 -10.89
408 406 -10.89
408 407 -10.89
413 413 43.56
413 408 -10.89
413 411 -10.89
413 412 -10.89
413 414 -10.89
411 411 43.56
411 413 -10.89
411 1008 -10.89
411 409 -10.89
411 410 -10.89
1008 1008 43.56
1008 411 -10.89
1008 763 -10.89
1008 994 -10.89
1008 996 -10.89
763 763 43.56
763 1008 -10.89
763 768 -10.89
763 761 -10.89
763 762 -10.89
768 768 43.56
768 763 -10.89
768 766 -10.89
768 767 -10.89
768 769 -10.89
766 766 43.56
766 768 -10.89
766 797 -10.89
766 764 -10.89
766 765 -10.89
797 797 43.56
797 766 -10.89
797 784 -10.89
797 796 -10.89
797 800 -10.89
784 784 43.56
784 797 -10.89
784 789 -10.89
784 782 -10.89
784 783 -10.89
789 789 43.56
789 784 -10.89
789 787 -10.89
789 788 -10.89
789 790 -10.89
787 787 43.56
787 789 -10.89
787 969 -10.89
787 785 -10.89
787 786 -10.89
969 969 43.56
969 787 -10.89
969 868 -10.89
969 971 -10.89
969 972 -10.89
868 868 43.56
868 969 -10.89
868 873 -10.89
868 866 -10.89
868 867 -10.89
873 873 43.56
873 868 -10.89
873 871 -10.89
873 872 -10.89
873 874 -10.89
871 871 43.56
871 873 -10.89
871 903 -10.89
871 869 -10.89
871 870 -10.89
903 903 43.56
903 871 -10.89
903 889 -10.89
903 901 -10.89
903 904 -10.89
889 889 43.56
889 903 -10.89
889 894 -10.89
889 887 -10.89
889 888 -10.89
894 894 43.56
894 889 -10.89
894 892 -10.89
894 893 -10.89
894 895 -10.89
892 892 43.56
892 894 -10.89
892 890 -10.89
892 891 -10.89
270 270 43.56
270 271 -10.89
270 272 -10.89
270 373 -10.89
271 271 43.56
271 270 -10.89
271 279 -10.89
271 273 -10.89
271 371 -10.89
279 279 43.56
279 271 -10.89
279 275 -10.89
279 278 -10.89
279 368 -10.89
275 275 43.56
275 279 -10.89
275 311 -10.89
275 276 -10.89
275 370 -10.89
311 311 43.56
311 275 -10.89
311 294 -10.89
311 310 -10.89
311 374 -10.89
294 294 43.56
294 311 -10.89
294 301 -10.89
294 295 -10.89
294 369 -10.89
301 301 43.56
301 294 -10.89
301 297 -10.89
301 300 -10.89
301 372 -10.89
297 297 43.56
297 301 -10.89
297 495 -10.89
297 298 -10.89
297 375 -10.89
495 495 43.56
495 297 -10.89
495 386 -10.89
495 493 -10.89
495 482 -10.89
386 386 43.56
386 495 -10.89
386 393 -10.89
386 387 -10.89
386 475 -10.89
393 393 43.56
393 386 -10.89
393 389 -10.89
393 392 -10.89
393 474 -10.89
389 389 43.56
389 393 -10.89
389 424 -10.89
389 390 -10.89
389 480 -10.89
424 424 43.56
424 389 -10.89
424 407 -10.89
424 422 -10.89
424 476 -10.89
407 407 43.56
407 424 -10.89
407 414 -10.89
407 408 -10.89
407 478 -10.89
414 414 43.56
414 407 -10.89
414 410 -10.89
414 413 -10.89
414 477 -10.89
410 410 43.56
410 414 -10.89
410 996 -10.89
410 411 -10.89
410 479 -10.89
996 996 43.56
996 410 -10.89
996 762 -10.89
996 1008 -10.89
996 1020 -10.89
762 762 43.56
762 996 -10.89
762 769 -10.89
762 763 -10.89
762 854 -10.89
769 769 43.56
769 762 -10.89
769 765 -10.89
769 768 -10.89
769 853 -10.89
765 765 43.56
765 769 -10.89
765 800 -10.89
765 766 -10.89
765 852 -10.89
800 800 43.56
800 765 -10.89
800 783 -10.89
800 797 -10.89
800 851 -10.89
783 783 43.56
783 800 -10.89
783 790 -10.89
783 784 -10.89
783 856 -10.89
790 790 43.56
790 783 -10.89
790 786 -10.89
790 789 -10.89
790 850 -10.89
786 786 43.56
786 790 -10.89
786 972 -10.89
786 787 -10.89
786 855 -10.89
972 972 43.56
972 786 -10.89
972 867 -10.89
972 969 -10.89
972 966 -10.89
867 867 43.56
867 972 -10.89
867 874 -10.89
867 868 -10.89
867 955 -10.89
874 874 43.56
874 867 -10.89
874 870 -10.89
874 873 -10.89
874 956 -10.89
870 870 43.56
870 874 -10.89
870 904 -10.89
870 871 -10.89
870 958 -10.89
904 904 43.56
904 870 -10.89
904 888 -10.89
904 903 -10.89
904 957 -10.89
888 888 43.56
888 904 -10.89
888 895 -10.89
888 889 -10.89
888 959 -10.89
895 895 43.56
895 888 -10.89
895 891 -10.89
895 894 -10.89
895 960 -10.89
891 891 43.56
891 895 -10.89
891 892 -10.89
891 961 -10.89
373 373 43.56
373 371 -10.89
373 270 -10.89
373 312 -10.89
371 371 43.56
371 373 -10.89
371 368 -10.89
371 271 -10.89
371 313 -10.89
368 368 43.56
368 371 -10.89
368 370 -10.89
368 279 -10.89
368 321 -10.89
370 370 43.56
370 368 -10.89
370 374 -10.89
370 275 -10.89
370 318 -10.89
374 374 43.56
374 370 -10.89
374 369 -10.89
374 311 -10.89
374 361 -10.89
369 369 43.56
369 374 -10.89
369 372 -10.89
369 294 -10.89
369 340 -10.89
372 372 43.56
372 369 -10.89
372 375 -10.89
372 301 -10.89
372 346 -10.89
375 375 43.56
375 372 -10.89
375 482 -10.89
375 297 -10.89
375 343 -10.89
482 482 43.56
482 375 -10.89
482 475 -10.89
482 495 -10.89
482 483 -10.89
475 475 43.56
475 482 -10.89
475 474 -10.89
475 386 -10.89
475 425 -10.89
474 474 43.56
474 475 -10.89
474 480 -10.89
474 393 -10.89
474 431 -10.89
480 480 43.56
480 474 -10.89
480 476 -10.89
480 389 -10.89
480 428 -10.89
476 476 43.56
476 480 -10.89
476 478 -10.89
476 424 -10.89
476 467 -10.89
478 478 43.56
478 476 -10.89
478 477 -10.89
478 407 -10.89
478 446 -10.89
477 477 43.56
477 478 -10.89
477 479 -10.89
477 414 -10.89
477 452 -10.89
479 479 43.56
479 477 -10.89
479 1020 -10.89
479 410 -10.89
479 449 -10.89
1020 1020 43.56
1020 479 -10.89
1020 854 -10.89
1020 996 -10.89
1020 1012 -10.89
854 854 43.56
854 1020 -10.89
854 853 -10.89
854 762 -10.89
854 801 -10.89
853 853 43.56
853 854 -10.89
853 852 -10.89
853 769 -10.89
853 807 -10.89
852 852 43.56
852 853 -10.89
852 851 -10.89
852 765 -10.89
852 804 -10.89
851 851 43.56
851 852 -10.89
851 856 -10.89
851 800 -10.89
851 843 -10.89
856 856 43.56
856 851 -10.89
856 850 -10.89
856 783 -10.89
856 822 -10.89
850 850 43.56
850 856 -10.89
850 855 -10.89
850 790 -10.89
850 828 -10.89
855 855 43.56
855 850 -10.89
855 966 -10.89
855 786 -10.89
855 825 -10.89
966 966 43.56
966 855 -10.89
966 955 -10.89
966 972 -10.89
966 973 -10.89
955 955 43.56
955 966 -10.89
955 956 -10.89
955 867 -10.89
955 906 -10.89
956 956 43.56
956 955 -10.89
956 958 -10.89
956 874 -10.89
956 912 -10.89
958 958 43.56
958 956 -10.89
958 957 -10.89
958 870 -10.89
958 909 -10.89
957 957 43.56
957 958 -10.89
957 959 -10.89
957 904 -10.89
957 949 -10.89
959 959 43.56
959 957 -10.89
959 960 -10.89
959 888 -10.89
959 927 -10.89
960 960 43.56
960 959 -10.89
960 961 -10.89
960 895 -10.89
960 933 -10.89
961 961 43.56
961 960 -10.89
961 891 -10.89
961 930 -10.89
312 312 43.56
312 313 -10.89
312 373 -10.89
312 316 -10.89
313 313 43.56
313 312 -10.89
313 321 -10.89
313 371 -10.89
313 317 -10.89
321 321 43.56
321 313 -10.89
321 318 -10.89
321 368 -10.89
321 322 -10.89
318 318 43.56
318 321 -10.89
318 361 -10.89
318 370 -10.89
318 320 -10.89
361 361 43.56
361 318 -10.89
361 340 -10.89
361 374 -10.89
361 364 -10.89
340 340 43.56
340 361 -10.89
340 346 -10.89
340 369 -10.89
340 342 -10.89
346 346 43.56
346 340 -10.89
346 343 -10.89
346 372 -10.89
346 347 -10.89
343 343 43.56
343 346 -10.89
343 483 -10.89
343 375 -10.89
343 345 -10.89
483 483 43.56
483 343 -10.89
483 425 -10.89
483 482 -10.89
483 481 -10.89
425 425 43.56
425 483 -10.89
425 431 -10.89
425 475 -10.89
425 427 -10.89
431 431 43.56
431 425 -10.89
431 428 -10.89
431 474 -10.89
431 432 -10.89
428 428 43.56
428 431 -10.89
428 467 -10.89
428 480 -10.89
428 430 -10.89
467 467 43.56
467 428 -10.89
467 446 -10.89
467 476 -10.89
467 468 -10.89
446 446 43.56
446 467 -10.89
446 452 -10.89
446 478 -10.89
446 448 -10.89
452 452 43.56
452 446 -10.89
452 449 -10.89
452 477 -10.89
452 453 -10.89
449 449 43.56
449 452 -10.89
449 1012 -10.89
449 479 -10.89
449 451 -10.89
1012 1012 43.56
1012 449 -10.89
1012 801 -10.89
1012 1020 -10.89
1012 1005 -10.89
801 801 43.56
801 1012 -10.89
801 807 -10.89
801 854 -10.89
801 803 -10.89
807 807 43.56
807 801 -10.89
807 804 -10.89
807 853 -10.89
807 808 -10.89
804 804 43.56
804 807 -10.89
804 843 -10.89
804 852 -10.89
804 806 -10.89
843 843 43.56
843 804 -10.89
843 822 -10.89
843 851 -10.89
843 844 -10.89
822 822 43.56
822 843 -10.89
822 828 -10.89
822 856 -10.89
822 824 -10.89
828 828 43.56
828 822 -10.89
828 825 -10.89
828 850 -10.89
828 829 -10.89
825 825 43.56
825 828 -10.89
825 973 -10.89
825 855 -10.89
825 827 -10.89
973 973 43.56
973 825 -10.89
973 906 -10.89
973 966 -10.89
973 970 -10.89
906 906 43.56
906 973 -10.89
906 912 -10.89
906 955 -10.89
906 908 -10.89
912 912 43.56
912 906 -10.89
912 909 -10.89
912 956 -10.89
912 913 -10.89
909 909 43.56
909 912 -10.89
909 949 -10.89
909 958 -10.89
909 911 -10.89
949 949 43.56
949 909 -10.89
949 927 -10.89
949 957 -10.89
949 950 -10.89
927 927 43.56
927 949 -10.89
927 933 -10.89
927 959 -10.89
927 929 -10.89
933 933 43.56
933 927 -10.89
933 930 -10.89
933 960 -10.89
933 934 -10.89
930 930 43.56
930 933 -10.89
930 961 -10.89
930 932 -10.89
316 316 43.56
316 317 -10.89
316 312 -10.89
316 314 -10.89
317 317 43.56
317 316 -10.89
317 322 -10.89
317 313 -10.89
317 315 -10.89
322 322 43.56
322 317 -10.89
322 320 -10.89
322 321 -10.89
322 323 -10.89
320 320 43.56
320 322 -10.89
320 364 -10.89
320 318 -10.89
320 319 -10.89
364 364 43.56
364 320 -10.89
364 342 -10.89
364 361 -10.89
364 366 -10.89
342 342 43.56
342 364 -10.89
342 347 -10.89
342 340 -10.89
342 341 -10.89
347 347 43.56
347 342 -10.89
347 345 -10.89
347 346 -10.89
347 348 -10.89
345 345 43.56
345 347 -10.89
345 481 -10.89
345 343 -10.89
345 344 -10.89
481 481 43.56
481 345 -10.89
481 427 -10.89
481 483 -10.89
481 484 -10.89
427 427 43.56
427 481 -10.89
427 432 -10.89
427 425 -10.89
427 426 -10.89
432 432 43.56
432 427 -10.89
432 430 -10.89
432 431 -10.89
432 433 -10.89
430 430 43.56
430 432 -10.89
430 468 -10.89
430 428 -10.89
430 429 -10.89
468 468 43.56
468 430 -10.89
468 448 -10.89
468 467 -10.89
468 471 -10.89
448 448 43.56
448 468 -10.89
448 453 -10.89
448 446 -10.89
448 447 -10.89
453 453 43.56
453 448 -10.89
453 451 -10.89
453 452 -10.89
453 454 -10.89
451 451 43.56
451 453 -10.89
451 1005 -10.89
451 449 -10.89
451 450 -10.89
1005 1005 43.56
1005 451 -10.89
1005 803 -10.89
1005 1012 -10.89
1005 1017 -10.89
803 803 43.56
803 1005 -10.89
803 808 -10.89
803 801 -10.89
803 802 -10.89
808 808 43.56
808 803 -10.89
808 806 -10.89
808 807 -10.89
808 809 -10.89
806 806 43.56
806 808 -10.89
806 844 -10.89
806 804 -10.89
806 805 -10.89
844 844 43.56
844 806 -10.89
844 824 -10.89
844 843 -10.89
844 846 -10.89
824 824 43.56
824 844 -10.89
824 829 -10.89
824 822 -10.89
824 823 -10.89
829 829 43.56
829 824 -10.89
829 827 -10.89
829 828 -10.89
829 830 -10.89
827 827 43.56
827 829 -10.89
827 970 -10.89
827 825 -10.89
827 826 -10.89
970 970 43.56
970 827 -10.89
970 908 -10.89
970 973 -10.89
970 962 -10.89
908 908 43.56
908 970 -10.89
908 913 -10.89
908 906 -10.89
908 907 -10.89
913 913 43.56
913 908 -10.89
913 911 -10.89
913 912 -10.89
913 914 -10.89
911 911 43.56
911 913 -10.89
911 950 -10.89
911 909 -10.89
911 910 -10.89
950 950 43.56
950 911 -10.89
950 929 -10.89
950 949 -10.89
950 951 -10.89
929 929 43.56
929 950 -10.89
929 934 -10.89
929 927 -10.89
929 928 -10.89
934 934 43.56
934 929 -10.89
934 932 -10.89
934 933 -10.89
934 935 -10.89
932 932 43.56
932 934 -10.89
932 930 -10.89
932 931 -10.89
314 314 43.56
314 315 -10.89
314 316 -10.89
314 336 -10.89
315 315 43.56
315 314 -10.89
315 323 -10.89
315 317 -10.89
315 337 -10.89
323 323 43.56
323 315 -10.89
323 319 -10.89
323 322 -10.89
323 338 -10.89
319 319 43.56
319 323 -10.89
319 366 -10.89
319 320 -10.89
319 339 -10.89
366 366 43.56
366 319 -10.89
366 341 -10.89
366 364 -10.89
366 363 -10.89
341 341 43.56
341 366 -10.89
341 348 -10.89
341 342 -10.89
341 358 -10.89
348 348 43.56
348 341 -10.89
348 344 -10.89
348 347 -10.89
348 359 -10.89
344 344 43.56
344 348 -10.89
344 484 -10.89
344 345 -10.89
344 360 -10.89
484 484 43.56
484 344 -10.89
484 426 -10.89
484 481 -10.89
484 485 -10.89
426 426 43.56
426 484 -10.89
426 433 -10.89
426 427 -10.89
426 443 -10.89
433 433 43.56
433 426 -10.89
433 429 -10.89
433 432 -10.89
433 444 -10.89
429 429 43.56
429 433 -10.89
429 471 -10.89
429 430 -10.89
429 445 -10.89
471 471 43.56
471 429 -10.89
471 447 -10.89
471 468 -10.89
471 470 -10.89
447 447 43.56
447 471 -10.89
447 454 -10.89
447 448 -10.89
447 464 -10.89
454 454 43.56
454 447 -10.89
454 450 -10.89
454 453 -10.89
454 465 -10.89
450 450 43.56
450 454 -10.89
450 1017 -10.89
450 451 -10.89
450 466 -10.89
1017 1017 43.56
1017 450 -10.89
1017 802 -10.89
1017 1005 -10.89
1017 1004 -10.89
802 802 43.56
802 1017 -10.89
802 809 -10.89
802 803 -10.89
802 819 -10.89
809 809 43.56
809 802 -10.89
809 805 -10.89
809 808 -10.89
809 820 -10.89
805 805 43.56
805 809 -10.89
805 846 -10.89
805 806 -10.89
805 821 -10.89
846 846 43.56
846 805 -10.89
846 823 -10.89
846 844 -10.89
846 849 -10.89
823 823 43.56
823 846 -10.89
823 830 -10.89
823 824 -10.89
823 840 -10.89
830 830 43.56
830 823 -10.89
830 826 -10.89
830 829 -10.89
830 841 -10.89
826 826 43.56
826 830 -10.89
826 962 -10.89
826 827 -10.89
826 842 -10.89
962 962 43.56
962 826 -10.89
962 907 -10.89
962 970 -10.89
962 967 -10.89
907 907 43.56
907 962 -10.89
907 914 -10.89
907 908 -10.89
907 924 -10.89
914 914 43.56
914 907 -10.89
914 910 -10.89
914 913 -10.89
914 925 -10.89
910 910 43.56
910 914 -10.89
910 951 -10.89
910 911 -10.89
910 926 -10.89
951 951 43.56
951 910 -10.89
951 928 -10.89
951 950 -10.89
951 952 -10.89
928 928 43.56
928 951 -10.89
928 935 -10.89
928 929 -10.89
928 945 -10.89
935 935 43.56
935 928 -10.89
935 931 -10.89
935 934 -10.89
935 946 -10.89
931 931 43.56
931 935 -10.89
931 932 -10.89
931 947 -10.89
336 336 43.56
336 337 -10.89
336 314 -10.89
336 324 -10.89
337 337 43.56
337 336 -10.89
337 338 -10.89
337 315 -10.89
337 325 -10.89
338 338 43.56
338 337 -10.89
338 339 -10.89
338 323 -10.89
338 333 -10.89
339 339 43.56
339 338 -10.89
339 363 -10.89
339 319 -10.89
339 330 -10.89
363 363 43.56
363 339 -10.89
363 358 -10.89
363 366 -10.89
363 362 -10.89
358 358 43.56
358 363 -10.89
358 359 -10.89
358 341 -10.89
358 349 -10.89
359 359 43.56
359 358 -10.89
359 360 -10.89
359 348 -10.89
359 355 -10.89
360 360 43.56
360 359 -10.89
360 485 -10.89
360 344 -10.89
360 352 -10.89
485 485 43.56
485 360 -10.89
485 443 -10.89
485 484 -10.89
485 486 -10.89
443 443 43.56
443 485 -10.89
443 444 -10.89
443 426 -10.89
443 434 -10.89
444 444 43.56
444 443 -10.89
444 445 -10.89
444 433 -10.89
444 440 -10.89
445 445 43.56
445 444 -10.89
445 470 -10.89
445 429 -10.89
445 437 -10.89
470 470 43.56
470 445 -10.89
470 464 -10.89
470 471 -10.89
470 469 -10.89
464 464 43.56
464 470 -10.89
464 465 -10.89
464 447 -10.89
464 455 -10.89
465 465 43.56
465 464 -10.89
465 466 -10.89
465 454 -10.89
465 461 -10.89
466 466 43.56
466 465 -10.89
466 1004 -10.89
466 450 -10.89
466 458 -10.89
1004 1004 43.56
1004 466 -10.89
1004 819 -10.89
1004 1017 -10.89
1004 999 -10.89
819 819 43.56
819 1004 -10.89
819 820 -10.89
819 802 -10.89
819 810 -10.89
820 820 43.56
820 819 -10.89
820 821 -10.89
820 809 -10.89
820 816 -10.89
821 821 43.56
821 820 -10.89
821 849 -10.89
821 805 -10.89
821 813 -10.89
849 849 43.56
849 821 -10.89
849 840 -10.89
849 846 -10.89
849 845 -10.89
840 840 43.56
840 849 -10.89
840 841 -10.89
840 823 -10.89
840 831 -10.89
841 841 43.56
841 840 -10.89
841 842 -10.89
841 830 -10.89
841 837 -10.89
842 842 43.56
842 841 -10.89
842 967 -10.89
842 826 -10.89
842 834 -10.89
967 967 43.56
967 842 -10.89
967 924 -10.89
967 962 -10.89
967 976 -10.89
924 924 43.56
924 967 -10.89
924 925 -10.89
924 907 -10.89
924 915 -10.89
925 925 43.56
925 924 -10.89
925 926 -10.89
925 914 -10.89
925 921 -10.89
926 926 43.56
926 925 -10.89
926 952 -10.89
926 910 -10.89
926 918 -10.89
952 952 43.56
952 926 -10.89
952 945 -10.89
952 951 -10.89
952 953 -10.89
945 945 43.56
945 952 -10.89
945 946 -10.89
945 928 -10.89
945 936 -10.89
946 946 43.56
946 945 -10.89
946 947 -10.89
946 935 -10.89
946 942 -10.89
947 947 43.56
947 946 -10.89
947 931 -10.89
947 939 -10.89
324 324 43.56
324 325 -10.89
324 336 -10.89
324 328 -10.89
325 325 43.56
325 324 -10.89
325 333 -10.89
325 337 -10.89
325 329 -10.89
333 333 43.56
333 325 -10.89
333 330 -10.89
333 338 -10.89
333 334 -10.89
330 330 43.56
330 333 -10.89
330 362 -10.89
330 339 -10.89
330 332 -10.89
362 362 43.56
362 330 -10.89
362 349 -10.89
362 363 -10.89
362 365 -10.89
349 349 43.56
349 362 -10.89
349 355 -10.89
349 358 -10.89
349 351 -10.89
355 355 43.56
355 349 -10.89
355 352 -10.89
355 359 -10.89
355 356 -10.89
352 352 43.56
352 355 -10.89
352 486 -10.89
352 360 -10.89
352 354 -10.89
486 486 43.56
486 352 -10.89
486 434 -10.89
486 485 -10.89
486 487 -10.89
434 434 43.56
434 486 -10.89
434 440 -10.89
434 443 -10.89
434 436 -10.89
440 440 43.56
440 434 -10.89
440 437 -10.89
440 444 -10.89
440 441 -10.89
437 437 43.56
437 440 -10.89
437 469 -10.89
437 445 -10.89
437 439 -10.89
469 469 43.56
469 437 -10.89
469 455 -10.89
469 470 -10.89
469 472 -10.89
455 455 43.56
455 469 -10.89
455 461 -10.89
455 464 -10.89
455 457 -10.89
461 461 43.56
461 455 -10.89
461 458 -10.89
461 465 -10.89
461 462 -10.89
458 458 43.56
458 461 -10.89
458 999 -10.89
458 466 -10.89
458 460 -10.89
999 999 43.56
999 458 -10.89
999 810 -10.89
999 1004 -10.89
999 1019 -10.89
810 810 43.56
810 999 -10.89
810 816 -10.89
810 819 -10.89
810 812 -10.89
816 816 43.56
816 810 -10.89
816 813 -10.89
816 820 -10.89
816 817 -10.89
813 813 43.56
813 816 -10.89
813 845 -10.89
813 821 -10.89
813 815 -10.89
845 845 43.56
845 813 -10.89
845 831 -10.89
845 849 -10.89
845 847 -10.89
831 831 43.56
831 845 -10.89
831 837 -10.89
831 840 -10.89
831 833 -10.89
837 837 43.56
837 831 -10.89
837 834 -10.89
837 841 -10.89
837 838 -10.89
834 834 43.56
834 837 -10.89
834 976 -10.89
834 842 -10.89
834 836 -10.89
976 976 43.56
976 834 -10.89
976 915 -10.89
976 967 -10.89
976 965 -10.89
915 915 43.56
915 976 -10.89
915 921 -10.89
915 924 -10.89
915 917 -10.89
921 921 43.56
921 915 -10.89
921 918 -10.89
921 925 -10.89
921 922 -10.89
918 918 43.56
918 921 -10.89
918 953 -10.89
918 926 -10.89
918 920 -10.89
953 953 43.56
953 918 -10.89
953 936 -10.89
953 952 -10.89
953 954 -10.89
936 936 43.56
936 953 -10.89
936 942 -10.89
936 945 -10.89
936 938 -10.89
942 942 43.56
942 936 -10.89
942 939 -10.89
942 946 -10.89
942 943 -10.89
939 939 43.56
939 942 -10.89
939 947 -10.89
939 941 -10.89
328 328 43.56
328 329 -10.89
328 324 -10.89
328 326 -10.89
329 329 43.56
329 328 -10.89
329 334 -10.89
329 325 -10.89
329 327 -10.89
334 334 43.56
334 329 -10.89
334 332 -10.89
334 333 -10.89
334 335 -10.89
332 332 43.56
332 334 -10.89
332 365 -10.89
332 330 -10.89
332 331 -10.89
365 365 43.56
365 332 -10.89
365 351 -10.89
365 362 -10.89
365 367 -10.89
351 351 43.56
351 365 -10.89
351 356 -10.89
351 349 -10.89
351 350 -10.89
356 356 43.56
356 351 -10.89
356 354 -10.89
356 355 -10.89
356 357 -10.89
354 354 43.56
354 356 -10.89
354 487 -10.89
354 352 -10.89
354 353 -10.89
487 487 43.56
487 354 -10.89
487 436 -10.89
487 486 -10.89
487 494 -10.89
436 436 43.56
436 487 -10.89
436 441 -10.89
436 434 -10.89
436 435 -10.89
441 441 43.56
441 436 -10.89
441 439 -10.89
441 440 -10.89
441 442 -10.89
439 439 43.56
439 441 -10.89
439 472 -10.89
439 437 -10.89
439 438 -10.89
472 472 43.56
472 439 -10.89
472 457 -10.89
472 469 -10.89
472 473 -10.89
457 457 43.56
457 472 -10.89
457 462 -10.89
457 455 -10.89
457 456 -10.89
462 462 43.56
462 457 -10.89
462 460 -10.89
462 461 -10.89
462 463 -10.89
460 460 43.56
460 462 -10.89
460 1019 -10.89
460 458 -10.89
460 459 -10.89
1019 1019 43.56
1019 460 -10.89
1019 812 -10.89
1019 999 -10.89
1019 1022 -10.89
812 812 43.56
812 1019 -10.89
812 817 -10.89
812 810 -10.89
812 811 -10.89
817 817 43.56
817 812 -10.89
817 815 -10.89
817 816 -10.89
817 818 -10.89
815 815 43.56
815 817 -10.89
815 847 -10.89
815 813 -10.89
815 814 -10.89
847 847 43.56
847 815 -10.89
847 833 -10.89
847 845 -10.89
847 848 -10.89
833 833 43.56
833 847 -10.89
833 838 -10.89
833 831 -10.89
833 832 -10.89
838 838 43.56
838 833 -10.89
838 836 -10.89
838 837 -10.89
838 839 -10.89
836 836 43.56
836 838 -10.89
836 965 -10.89
836 834 -10.89
836 835 -10.89
965 965 43.56
965 836 -10.89
965 917 -10.89
965 976 -10.89
965 963 -10.89
917 917 43.56
917 965 -10.89
917 922 -10.89
917 915 -10.89
917 916 -10.89
922 922 43.56
922 917 -10.89
922 920 -10.89
922 921 -10.89
922 923 -10.89
920 920 43.56
920 922 -10.89
920 954 -10.89
920 918 -10.89
920 919 -10.89
954 954 43.56
954 920 -10.89
954 938 -10.89
954 953 -10.89
954 948 -10.89
938 938 43.56
938 954 -10.89
938 943 -10.89
938 936 -10.89
938 937 -10.89
943 943 43.56
943 938 -10.89
943 941 -10.89
943 942 -10.89
943 944 -10.89
941 941 43.56
941 943 -10.89
941 939 -10.89
941 940 -10.89
326 326 43.56
326 327 -10.89
326 328 -10.89
327 327 43.56
327 326 -10.89
327 335 -10.89
327 329 -10.89
335 335 43.56
335 327 -10.89
335 331 -10.89
335 334 -10.89
331 331 43.56
331 335 -10.89
331 367 -10.89
331 332 -10.89
367 367 43.56
367 331 -10.89
367 350 -10.89
367 365 -10.89
350 350 43.56
350 367 -10.89
350 357 -10.89
350 351 -10.89
357 357 43.56
357 350 -10.89
357 353 -10.89
357 356 -10.89
353 353 43.56
353 357 -10.89
353 494 -10.89
353 354 -10.89
494 494 43.56
494 353 -10.89
494 435 -10.89
494 487 -10.89
435 435 43.56
435 494 -10.89
435 442 -10.89
435 436 -10.89
442 442 43.56
442 435 -10.89
442 438 -10.89
442 441 -10.89
438 438 43.56
438 442 -10.89
438 473 -10.89
438 439 -10.89
473 473 43.56
473 438 -10.89
473 456 -10.89
473 472 -10.89
456 456 43.56
456 473 -10.89
456 463 -10.89
456 457 -10.89
463 463 43.56
463 456 -10.89
463 459 -10.89
463 462 -10.89
459 459 43.56
459 463 -10.89
459 1022 -10.89
459 460 -10.89
1022 1022 43.56
1022 459 -10.89
1022 811 -10.89
1022 1019 -10.89
811 811 43.56
811 1022 -10.89
811 818 -10.89
811 812 -10.89
818 818 43.56
818 811 -10.89
818 814 -10.89
818 817 -10.89
814 814 43.56
814 818 -10.89
814 848 -10.89
814 815 -10.89
848 848 43.56
848 814 -10.89
848 832 -10.89
848 847 -10.89
832 832 43.56
832 848 -10.89
832 839 -10.89
832 833 -10.89
839 839 43.56
839 832 -10.89
839 835 -10.89
839 838 -10.89
835 835 43.56
835 839 -10.89
835 963 -10.89
835 836 -10.89
963 963 43.56
963 835 -10.89
963 916 -10.89
963 965 -10.89
916 916 43.56
916 963 -10.89
916 923 -10.89
916 917 -10.89
923 923 43.56
923 916 -10.89
923 919 -10.89
923 922 -10.89
919 919 43.56
919 923 -10.89
919 948 -10.89
919 920 -10.89
948 948 43.56
948 919 -10.89
948 937 -10.89
948 954 -10.89
937 937 43.56
937 948 -10.89
937 944 -10.89
937 938 -10.89
944 944 43.56
944 937 -10.89
944 940 -10.89
944 943 -10.89
940 940 43.56
940 944 -10.89
940 941 -10.89
