0 1 1 0.030303 0.030303
1 2 1 0.0606061 0.030303
2 3 1 0.0909091 0.030303
3 4 1 0.121212 0.030303
4 5 1 0.151515 0.030303
5 6 1 0.181818 0.030303
6 7 1 0.212121 0.030303
7 8 1 0.242424 0.030303
8 9 1 0.272727 0.030303
9 10 1 0.30303 0.030303
10 11 1 0.333333 0.030303
11 12 1 0.363636 0.030303
12 13 1 0.393939 0.030303
13 14 1 0.424242 0.030303
14 15 1 0.454545 0.030303
15 16 1 0.484848 0.030303
16 17 1 0.515152 0.030303
17 18 1 0.545455 0.030303
18 19 1 0.575758 0.030303
19 20 1 0.606061 0.030303
20 21 1 0.636364 0.030303
21 22 1 0.666667 0.030303
22 23 1 0.69697 0.030303
23 24 1 0.727273 0.030303
24 25 1 0.757576 0.030303
25 26 1 0.787879 0.030303
26 27 1 0.818182 0.030303
27 28 1 0.848485 0.030303
28 29 1 0.878788 0.030303
29 30 1 0.909091 0.030303
30 31 1 0.939394 0.030303
31 32 1 0.969697 0.030303
32 1 2 0.030303 0.0606061
33 2 2 0.0606061 0.0606061
34 3 2 0.0909091 0.0606061
35 4 2 0.121212 0.0606061
36 5 2 0.151515 0.0606061
37 6 2 0.181818 0.0606061
38 7 2 0.212121 0.0606061
39 8 2 0.242424 0.0606061
40 9 2 0.272727 0.0606061
41 10 2 0.30303 0.0606061
42 11 2 0.333333 0.0606061
43 12 2 0.363636 0.0606061
44 13 2 0.393939 0.0606061
45 14 2 0.424242 0.0606061
46 15 2 0.454545 0.0606061
47 16 2 0.484848 0.0606061
48 17 2 0.515152 0.0606061
49 18 2 0.545455 0.0606061
50 19 2 0.575758 0.0606061
51 20 2 0.606061 0.0606061
52 21 2 0.636364 0.0606061
53 22 2 0.666667 0.0606061
54 23 2 0.69697 0.0606061
55 24 2 0.727273 0.0606061
56 25 2 0.757576 0.0606061
57 26 2 0.787879 0.0606061
58 27 2 0.818182 0.0606061
59 28 2 0.848485 0.0606061
60 29 2 0.878788 0.0606061
61 30 2 0.909091 0.0606061
62 31 2 0.939394 0.0606061
63 32 2 0.969697 0.0606061
64 1 3 0.030303 0.0909091
65 2 3 0.0606061 0.0909091
66 3 3 0.0909091 0.0909091
67 4 3 0.121212 0.0909091
68 5 3 0.151515 0.0909091
69 6 3 0.181818 0.0909091
70 7 3 0.212121 0.0909091
71 8 3 0.242424 0.0909091
72 9 3 0.272727 0.0909091
73 10 3 0.30303 0.0909091
74 11 3 0.333333 0.0909091
75 12 3 0.363636 0.0909091
76 13 3 0.393939 0.0909091
77 14 3 0.424242 0.0909091
78 15 3 0.454545 0.0909091
79 16 3 0.484848 0.0909091
80 17 3 0.515152 0.0909091
81 18 3 0.545455 0.0909091
82 19 3 0.575758 0.0909091
83 20 3 0.606061 0.0909091
84 21 3 0.636364 0.0909091
85 22 3 0.666667 0.0909091
86 23 3 0.69697 0.0909091
87 24 3 0.727273 0.0909091
88 25 3 0.757576 0.0909091
89 26 3 0.787879 0.0909091
90 27 3 0.818182 0.0909091
91 28 3 0.848485 0.0909091
92 29 3 0.878788 0.0909091
93 30 3 0.909091 0.0909091
94 31 3 0.939394 0.0909091
95 32 3 0.969697 0.0909091
96 1 4 0.030303 0.121212
97 2 4 0.0606061 0.121212
98 3 4 0.0909091 0.121212
99 4 4 0.121212 0.121212
100 5 4 0.151515 0.121212
101 6 4 0.181818 0.121212
102 7 4 0.212121 0.121212
103 8 4 0.242424 0.121212
104 9 4 0.272727 0.121212
105 10 4 0.30303 0.121212
106 11 4 0.333333 0.121212
107 12 4 0.363636 0.121212
108 13 4 0.393939 0.121212
109 14 4 0.424242 0.121212
110 15 4 0.454545 0.121212
111 16 4 0.484848 0.121212
112 17 4 0.515152 0.121212
113 18 4 0.545455 0.121212
114 19 4 0.575758 0.121212
115 20 4 0.606061 0.121212
116 21 4 0.636364 0.121212
117 22 4 0.666667 0.121212
118 23 4 0.69697 0.121212
119 24 4 0.727273 0.121212
120 25 4 0.757576 0.121212
121 26 4 0.787879 0.121212
122 27 4 0.818182 0.121212
123 28 4 0.848485 0.121212
124 29 4 0.878788 0.121212
125 30 4 0.909091 0.121212
126 31 4 0.939394 0.121212
127 32 4 0.969697 0.121212
128 1 5 0.030303 0.151515
129 2 5 0.0606061 0.151515
130 3 5 0.0909091 0.151515
131 4 5 0.121212 0.151515
132 5 5 0.151515 0.151515
133 6 5 0.181818 0.151515
134 7 5 0.212121 0.151515
135 8 5 0.242424 0.151515
136 9 5 0.272727 0.151515
137 10 5 0.30303 0.151515
138 11 5 0.333333 0.151515
139 12 5 0.363636 0.151515
140 13 5 0.393939 0.151515
141 14 5 0.424242 0.151515
142 15 5 0.454545 0.151515
143 16 5 0.484848 0.151515
144 17 5 0.515152 0.151515
145 18 5 0.545455 0.151515
146 19 5 0.575758 0.151515
147 20 5 0.606061 0.151515
148 21 5 0.636364 0.151515
149 22 5 0.666667 0.151515
150 23 5 0.69697 0.151515
151 24 5 0.727273 0.151515
152 25 5 0.757576 0.151515
153 26 5 0.787879 0.151515
154 27 5 0.818182 0.151515
155 28 5 0.848485 0.151515
156 29 5 0.878788 0.151515
157 30 5 0.909091 0.151515
158 31 5 0.939394 0.151515
159 32 5 0.969697 0.151515
160 1 6 0.030303 0.181818
161 2 6 0.0606061 0.181818
162 3 6 0.0909091 0.181818
163 4 6 0.121212 0.181818
164 5 6 0.151515 0.181818
165 6 6 0.181818 0.181818
166 7 6 0.212121 0.181818
167 8 6 0.242424 0.181818
168 9 6 0.272727 0.181818
169 10 6 0.30303 0.181818
170 11 6 0.333333 0.181818
171 12 6 0.363636 0.181818
172 13 6 0.393939 0.181818
173 14 6 0.424242 0.181818
174 15 6 0.454545 0.181818
175 16 6 0.484848 0.181818
176 17 6 0.515152 0.181818
177 18 6 0.545455 0.181818
178 19 6 0.575758 0.181818
179 20 6 0.606061 0.181818
180 21 6 0.636364 0.181818
181 22 6 0.666667 0.181818
182 23 6 0.69697 0.181818
183 24 6 0.727273 0.181818
184 25 6 0.757576 0.181818
185 26 6 0.787879 0.181818
186 27 6 0.818182 0.181818
187 28 6 0.848485 0.181818
188 29 6 0.878788 0.181818
189 30 6 0.909091 0.181818
190 31 6 0.939394 0.181818
191 32 6 0.969697 0.181818
192 1 7 0.030303 0.212121
193 2 7 0.0606061 0.212121
194 3 7 0.0909091 0.212121
195 4 7 0.121212 0.212121
196 5 7 0.151515 0.212121
197 6 7 0.181818 0.212121
198 7 7 0.212121 0.212121
199 8 7 0.242424 0.212121
200 9 7 0.272727 0.212121
201 10 7 0.30303 0.212121
202 11 7 0.333333 0.212121
203 12 7 0.363636 0.212121
204 13 7 0.393939 0.212121
205 14 7 0.424242 0.212121
206 15 7 0.454545 0.212121
207 16 7 0.484848 0.212121
208 17 7 0.515152 0.212121
209 18 7 0.545455 0.212121
210 19 7 0.575758 0.212121
211 20 7 0.606061 0.212121
212 21 7 0.636364 0.212121
213 22 7 0.666667 0.212121
214 23 7 0.69697 0.212121
215 24 7 0.727273 0.212121
216 25 7 0.757576 0.212121
217 26 7 0.787879 0.212121
218 27 7 0.818182 0.212121
219 28 7 0.848485 0.212121
220 29 7 0.878788 0.212121
221 30 7 0.909091 0.212121
222 31 7 0.939394 0.212121
223 32 7 0.969697 0.212121
224 1 8 0.030303 0.242424
225 2 8 0.0606061 0.242424
226 3 8 0.0909091 0.242424
227 4 8 0.121212 0.242424
228 5 8 0.151515 0.242424
229 6 8 0.181818 0.242424
230 7 8 0.212121 0.242424
231 8 8 0.242424 0.242424
232 9 8 0.272727 0.242424
233 10 8 0.30303 0.242424
234 11 8 0.333333 0.242424
235 12 8 0.363636 0.242424
236 13 8 0.393939 0.242424
237 14 8 0.424242 0.242424
238 15 8 0.454545 0.242424
239 16 8 0.484848 0.242424
240 17 8 0.515152 0.242424
241 18 8 0.545455 0.242424
242 19 8 0.575758 0.242424
243 20 8 0.606061 0.242424
244 21 8 0.636364 0.242424
245 22 8 0.666667 0.242424
246 23 8 0.69697 0.242424
247 24 8 0.727273 0.242424
248 25 8 0.757576 0.242424
249 26 8 0.787879 0.242424
250 27 8 0.818182 0.242424
251 28 8 0.848485 0.242424
252 29 8 0.878788 0.242424
253 30 8 0.909091 0.242424
254 31 8 0.939394 0.242424
255 32 8 0.969697 0.242424
256 1 9 0.030303 0.272727
257 2 9 0.0606061 0.272727
258 3 9 0.0909091 0.272727
259 4 9 0.121212 0.272727
260 5 9 0.151515 0.272727
261 6 9 0.181818 0.272727
262 7 9 0.212121 0.272727
263 8 9 0.242424 0.272727
264 9 9 0.272727 0.272727
265 10 9 0.30303 0.272727
266 11 9 0.333333 0.272727
267 12 9 0.363636 0.272727
268 13 9 0.393939 0.272727
269 14 9 0.424242 0.272727
270 15 9 0.454545 0.272727
271 16 9 0.484848 0.272727
272 17 9 0.515152 0.272727
273 18 9 0.545455 0.272727
274 19 9 0.575758 0.272727
275 20 9 0.606061 0.272727
276 21 9 0.636364 0.272727
277 22 9 0.666667 0.272727
278 23 9 0.69697 0.272727
279 24 9 0.727273 0.272727
280 25 9 0.757576 0.272727
281 26 9 0.787879 0.272727
282 27 9 0.818182 0.272727
283 28 9 0.848485 0.272727
284 29 9 0.878788 0.272727
285 30 9 0.909091 0.272727
286 31 9 0.939394 0.272727
287 32 9 0.969697 0.272727
288 1 10 0.030303 0.30303
289 2 10 0.0606061 0.30303
290 3 10 0.0909091 0.30303
291 4 10 0.121212 0.30303
292 5 10 0.151515 0.30303
293 6 10 0.181818 0.30303
294 7 10 0.212121 0.30303
295 8 10 0.242424 0.30303
296 9 10 0.272727 0.30303
297 10 10 0.30303 0.30303
298 11 10 0.333333 0.30303
299 12 10 0.363636 0.30303
300 13 10 0.393939 0.30303
301 14 10 0.424242 0.30303
302 15 10 0.454545 0.30303
303 16 10 0.484848 0.30303
304 17 10 0.515152 0.30303
305 18 10 0.545455 0.30303
306 19 10 0.575758 0.30303
307 20 10 0.606061 0.30303
308 21 10 0.636364 0.30303
309 22 10 0.666667 0.30303
310 23 10 0.69697 0.30303
311 24 10 0.727273 0.30303
312 25 10 0.757576 0.30303
313 26 10 0.787879 0.30303
314 27 10 0.818182 0.30303
315 28 10 0.848485 0.30303
316 29 10 0.878788 0.30303
317 30 10 0.909091 0.30303
318 31 10 0.939394 0.30303
319 32 10 0.969697 0.30303
320 1 11 0.030303 0.333333
321 2 11 0.0606061 0.333333
322 3 11 0.0909091 0.333333
323 4 11 0.121212 0.333333
324 5 11 0.151515 0.333333
325 6 11 0.181818 0.333333
326 7 11 0.212121 0.333333
327 8 11 0.242424 0.333333
328 9 11 0.272727 0.333333
329 10 11 0.30303 0.333333
330 11 11 0.333333 0.333333
331 12 11 0.363636 0.333333
332 13 11 0.393939 0.333333
333 14 11 0.424242 0.333333
334 15 11 0.454545 0.333333
335 16 11 0.484848 0.333333
336 17 11 0.515152 0.333333
337 18 11 0.545455 0.333333
338 19 11 0.575758 0.333333
339 20 11 0.606061 0.333333
340 21 11 0.636364 0.333333
341 22 11 0.666667 0.333333
342 23 11 0.69697 0.333333
343 24 11 0.727273 0.333333
344 25 11 0.757576 0.333333
345 26 11 0.787879 0.333333
346 27 11 0.818182 0.333333
347 28 11 0.848485 0.333333
348 29 11 0.878788 0.333333
349 30 11 0.909091 0.333333
350 31 11 0.939394 0.333333
351 32 11 0.969697 0.333333
352 1 12 0.030303 0.363636
353 2 12 0.0606061 0.363636
354 3 12 0.0909091 0.363636
355 4 12 0.121212 0.363636
356 5 12 0.151515 0.363636
357 6 12 0.181818 0.363636
358 7 12 0.212121 0.363636
359 8 12 0.242424 0.363636
360 9 12 0.272727 0.363636
361 10 12 0.30303 0.363636
362 11 12 0.333333 0.363636
363 12 12 0.363636 0.363636
364 13 12 0.393939 0.363636
365 14 12 0.424242 0.363636
366 15 12 0.454545 0.363636
367 16 12 0.484848 0.363636
368 17 12 0.515152 0.363636
369 18 12 0.545455 0.363636
370 19 12 0.575758 0.363636
371 20 12 0.606061 0.363636
372 21 12 0.636364 0.363636
373 22 12 0.666667 0.363636
374 23 12 0.69697 0.363636
375 24 12 0.727273 0.363636
376 25 12 0.757576 0.363636
377 26 12 0.787879 0.363636
378 27 12 0.818182 0.363636
379 28 12 0.848485 0.363636
380 29 12 0.878788 0.363636
381 30 12 0.909091 0.363636
382 31 12 0.939394 0.363636
383 32 12 0.969697 0.363636
384 1 13 0.030303 0.393939
385 2 13 0.0606061 0.393939
386 3 13 0.0909091 0.393939
387 4 13 0.121212 0.393939
388 5 13 0.151515 0.393939
389 6 13 0.181818 0.393939
390 7 13 0.212121 0.393939
391 8 13 0.242424 0.393939
392 9 13 0.272727 0.393939
393 10 13 0.30303 0.393939
394 11 13 0.333333 0.393939
395 12 13 0.363636 0.393939
396 13 13 0.393939 0.393939
397 14 13 0.424242 0.393939
398 15 13 0.454545 0.393939
399 16 13 0.484848 0.393939
400 17 13 0.515152 0.393939
401 18 13 0.545455 0.393939
402 19 13 0.575758 0.393939
403 20 13 0.606061 0.393939
404 21 13 0.636364 0.393939
405 22 13 0.666667 0.393939
406 23 13 0.69697 0.393939
407 24 13 0.727273 0.393939
408 25 13 0.757576 0.393939
409 26 13 0.787879 0.393939
410 27 13 0.818182 0.393939
411 28 13 0.848485 0.393939
412 29 13 0.878788 0.393939
413 30 13 0.909091 0.393939
414 31 13 0.939394 0.393939
415 32 13 0.969697 0.393939
416 1 14 0.030303 0.424242
417 2 14 0.0606061 0.424242
418 3 14 0.0909091 0.424242
419 4 14 0.121212 0.424242
420 5 14 0.151515 0.424242
421 6 14 0.181818 0.424242
422 7 14 0.212121 0.424242
423 8 14 0.242424 0.424242
424 9 14 0.272727 0.424242
425 10 14 0.30303 0.424242
426 11 14 0.333333 0.424242
427 12 14 0.363636 0.424242
428 13 14 0.393939 0.424242
429 14 14 0.424242 0.424242
430 15 14 0.454545 0.424242
431 16 14 0.484848 0.424242
432 17 14 0.515152 0.424242
433 18 14 0.545455 0.424242
434 19 14 0.575758 0.424242
435 20 14 0.606061 0.424242
436 21 14 0.636364 0.424242
437 22 14 0.666667 0.424242
438 23 14 0.69697 0.424242
439 24 14 0.727273 0.424242
440 25 14 0.757576 0.424242
441 26 14 0.787879 0.424242
442 27 14 0.818182 0.424242
443 28 14 0.848485 0.424242
444 29 14 0.878788 0.424242
445 30 14 0.909091 0.424242
446 31 14 0.939394 0.424242
447 32 14 0.969697 0.424242
448 1 15 0.030303 0.454545
449 2 15 0.0606061 0.454545
450 3 15 0.0909091 0.454545
451 4 15 0.121212 0.454545
452 5 15 0.151515 0.454545
453 6 15 0.181818 0.454545
454 7 15 0.212121 0.454545
455 8 15 0.242424 0.454545
456 9 15 0.272727 0.454545
457 10 15 0.30303 0.454545
458 11 15 0.333333 0.454545
459 12 15 0.363636 0.454545
460 13 15 0.393939 0.454545
461 14 15 0.424242 0.454545
462 15 15 0.454545 0.454545
463 16 15 0.484848 0.454545
464 17 15 0.515152 0.454545
465 18 15 0.545455 0.454545
466 19 15 0.575758 0.454545
467 20 15 0.606061 0.454545
468 21 15 0.636364 0.454545
469 22 15 0.666667 0.454545
470 23 15 0.69697 0.454545
471 24 15 0.727273 0.454545
472 25 15 0.757576 0.454545
473 26 15 0.787879 0.454545
474 27 15 0.818182 0.454545
475 28 15 0.848485 0.454545
476 29 15 0.878788 0.454545
477 30 15 0.909091 0.454545
478 31 15 0.939394 0.454545
479 32 15 0.969697 0.454545
480 1 16 0.030303 0.484848
481 2 16 0.0606061 0.484848
482 3 16 0.0909091 0.484848
483 4 16 0.121212 0.484848
484 5 16 0.151515 0.484848
485 6 16 0.181818 0.484848
486 7 16 0.212121 0.484848
487 8 16 0.242424 0.484848
488 9 16 0.272727 0.484848
489 10 16 0.30303 0.484848
490 11 16 0.333333 0.484848
491 12 16 0.363636 0.484848
492 13 16 0.393939 0.484848
493 14 16 0.424242 0.484848
494 15 16 0.454545 0.484848
495 16 16 0.484848 0.484848
496 17 16 0.515152 0.484848
497 18 16 0.545455 0.484848
498 19 16 0.575758 0.484848
499 20 16 0.606061 0.484848
500 21 16 0.636364 0.484848
501 22 16 0.666667 0.484848
502 23 16 0.69697 0.484848
503 24 16 0.727273 0.484848
504 25 16 0.757576 0.484848
505 26 16 0.787879 0.484848
506 27 16 0.818182 0.484848
507 28 16 0.848485 0.484848
508 29 16 0.878788 0.484848
509 30 16 0.909091 0.484848
510 31 16 0.939394 0.484848
511 32 16 0.969697 0.484848
512 1 17 0.030303 0.515152
513 2 17 0.0606061 0.515152
514 3 17 0.0909091 0.515152
515 4 17 0.121212 0.515152
516 5 17 0.151515 0.515152
517 6 17 0.181818 0.515152
518 7 17 0.212121 0.515152
519 8 17 0.242424 0.515152
520 9 17 0.272727 0.515152
521 10 17 0.30303 0.515152
522 11 17 0.333333 0.515152
523 12 17 0.363636 0.515152
524 13 17 0.393939 0.515152
525 14 17 0.424242 0.515152
526 15 17 0.454545 0.515152
527 16 17 0.484848 0.515152
528 17 17 0.515152 0.515152
529 18 17 0.545455 0.515152
530 19 17 0.575758 0.515152
531 20 17 0.606061 0.515152
532 21 17 0.636364 0.515152
533 22 17 0.666667 0.515152
534 23 17 0.69697 0.515152
535 24 17 0.727273 0.515152
536 25 17 0.757576 0.515152
537 26 17 0.787879 0.515152
538 27 17 0.818182 0.515152
539 28 17 0.848485 0.515152
540 29 17 0.878788 0.515152
541 30 17 0.909091 0.515152
542 31 17 0.939394 0.515152
543 32 17 0.969697 0.515152
544 1 18 0.030303 0.545455
545 2 18 0.0606061 0.545455
546 3 18 0.0909091 0.545455
547 4 18 0.121212 0.545455
548 5 18 0.151515 0.545455
549 6 18 0.181818 0.545455
550 7 18 0.212121 0.545455
551 8 18 0.242424 0.545455
552 9 18 0.272727 0.545455
553 10 18 0.30303 0.545455
554 11 18 0.333333 0.545455
555 12 18 0.363636 0.545455
556 13 18 0.393939 0.545455
557 14 18 0.424242 0.545455
558 15 18 0.454545 0.545455
559 16 18 0.484848 0.545455
560 17 18 0.515152 0.545455
561 18 18 0.545455 0.545455
562 19 18 0.575758 0.545455
563 20 18 0.606061 0.545455
564 21 18 0.636364 0.545455
565 22 18 0.666667 0.545455
566 23 18 0.69697 0.545455
567 24 18 0.727273 0.545455
568 25 18 0.757576 0.545455
569 26 18 0.787879 0.545455
570 27 18 0.818182 0.545455
571 28 18 0.848485 0.545455
572 29 18 0.878788 0.545455
573 30 18 0.909091 0.545455
574 31 18 0.939394 0.545455
575 32 18 0.969697 0.545455
576 1 19 0.030303 0.575758
577 2 19 0.0606061 0.575758
578 3 19 0.0909091 0.575758
579 4 19 0.121212 0.575758
580 5 19 0.151515 0.575758
581 6 19 0.181818 0.575758
582 7 19 0.212121 0.575758
583 8 19 0.242424 0.575758
584 9 19 0.272727 0.575758
585 10 19 0.30303 0.575758
586 11 19 0.333333 0.575758
587 12 19 0.363636 0.575758
588 13 19 0.393939 0.575758
589 14 19 0.424242 0.575758
590 15 19 0.454545 0.575758
591 16 19 0.484848 0.575758
592 17 19 0.515152 0.575758
593 18 19 0.545455 0.575758
594 19 19 0.575758 0.575758
595 20 19 0.606061 0.575758
596 21 19 0.636364 0.575758
597 22 19 0.666667 0.575758
598 23 19 0.69697 0.575758
599 24 19 0.727273 0.575758
600 25 19 0.757576 0.575758
601 26 19 0.787879 0.575758
602 27 19 0.818182 0.575758
603 28 19 0.848485 0.575758
604 29 19 0.878788 0.575758
605 30 19 0.909091 0.575758
606 31 19 0.939394 0.575758
607 32 19 0.969697 0.575758
608 1 20 0.030303 0.606061
609 2 20 0.0606061 0.606061
610 3 20 0.0909091 0.606061
611 4 20 0.121212 0.606061
612 5 20 0.151515 0.606061
613 6 20 0.181818 0.606061
614 7 20 0.212121 0.606061
615 8 20 0.242424 0.606061
616 9 20 0.272727 0.606061
617 10 20 0.30303 0.606061
618 11 20 0.333333 0.606061
619 12 20 0.363636 0.606061
620 13 20 0.393939 0.606061
621 14 20 0.424242 0.606061
622 15 20 0.454545 0.606061
623 16 20 0.484848 0.606061
624 17 20 0.515152 0.606061
625 18 20 0.545455 0.606061
626 19 20 0.575758 0.606061
627 20 20 0.606061 0.606061
628 21 20 0.636364 0.606061
629 22 20 0.666667 0.606061
630 23 20 0.69697 0.606061
631 24 20 0.727273 0.606061
632 25 20 0.757576 0.606061
633 26 20 0.787879 0.606061
634 27 20 0.818182 0.606061
635 28 20 0.848485 0.606061
636 29 20 0.878788 0.606061
637 30 20 0.909091 0.606061
638 31 20 0.939394 0.606061
639 32 20 0.969697 0.606061
640 1 21 0.030303 0.636364
641 2 21 0.0606061 0.636364
642 3 21 0.0909091 0.636364
643 4 21 0.121212 0.636364
644 5 21 0.151515 0.636364
645 6 21 0.181818 0.636364
646 7 21 0.212121 0.636364
647 8 21 0.242424 0.636364
648 9 21 0.272727 0.636364
649 10 21 0.30303 0.636364
650 11 21 0.333333 0.636364
651 12 21 0.363636 0.636364
652 13 21 0.393939 0.636364
653 14 21 0.424242 0.636364
654 15 21 0.454545 0.636364
655 16 21 0.484848 0.636364
656 17 21 0.515152 0.636364
657 18 21 0.545455 0.636364
658 19 21 0.575758 0.636364
659 20 21 0.606061 0.636364
660 21 21 0.636364 0.636364
661 22 21 0.666667 0.636364
662 23 21 0.69697 0.636364
663 24 21 0.727273 0.636364
664 25 21 0.757576 0.636364
665 26 21 0.787879 0.636364
666 27 21 0.818182 0.636364
667 28 21 0.848485 0.636364
668 29 21 0.878788 0.636364
669 30 21 0.909091 0.636364
670 31 21 0.939394 0.636364
671 32 21 0.969697 0.636364
672 1 22 0.030303 0.666667
673 2 22 0.0606061 0.666667
674 3 22 0.0909091 0.666667
675 4 22 0.121212 0.666667
676 5 22 0.151515 0.666667
677 6 22 0.181818 0.666667
678 7 22 0.212121 0.666667
679 8 22 0.242424 0.666667
680 9 22 0.272727 0.666667
681 10 22 0.30303 0.666667
682 11 22 0.333333 0.666667
683 12 22 0.363636 0.666667
684 13 22 0.393939 0.666667
685 14 22 0.424242 0.666667
686 15 22 0.454545 0.666667
687 16 22 0.484848 0.666667
688 17 22 0.515152 0.666667
689 18 22 0.545455 0.666667
690 19 22 0.575758 0.666667
691 20 22 0.606061 0.666667
692 21 22 0.636364 0.666667
693 22 22 0.666667 0.666667
694 23 22 0.69697 0.666667
695 24 22 0.727273 0.666667
696 25 22 0.757576 0.666667
697 26 22 0.787879 0.666667
698 27 22 0.818182 0.666667
699 28 22 0.848485 0.666667
700 29 22 0.878788 0.666667
701 30 22 0.909091 0.666667
702 31 22 0.939394 0.666667
703 32 22 0.969697 0.666667
704 1 23 0.030303 0.69697
705 2 23 0.0606061 0.69697
706 3 23 0.0909091 0.69697
707 4 23 0.121212 0.69697
708 5 23 0.151515 0.69697
709 6 23 0.181818 0.69697
710 7 23 0.212121 0.69697
711 8 23 0.242424 0.69697
712 9 23 0.272727 0.69697
713 10 23 0.30303 0.69697
714 11 23 0.333333 0.69697
715 12 23 0.363636 0.69697
716 13 23 0.393939 0.69697
717 14 23 0.424242 0.69697
718 15 23 0.454545 0.69697
719 16 23 0.484848 0.69697
720 17 23 0.515152 0.69697
721 18 23 0.545455 0.69697
722 19 23 0.575758 0.69697
723 20 23 0.606061 0.69697
724 21 23 0.636364 0.69697
725 22 23 0.666667 0.69697
726 23 23 0.69697 0.69697
727 24 23 0.727273 0.69697
728 25 23 0.757576 0.69697
729 26 23 0.787879 0.69697
730 27 23 0.818182 0.69697
731 28 23 0.848485 0.69697
732 29 23 0.878788 0.69697
733 30 23 0.909091 0.69697
734 31 23 0.939394 0.69697
735 32 23 0.969697 0.69697
736 1 24 0.030303 0.727273
737 2 24 0.0606061 0.727273
738 3 24 0.0909091 0.727273
739 4 24 0.121212 0.727273
740 5 24 0.151515 0.727273
741 6 24 0.181818 0.727273
742 7 24 0.212121 0.727273
743 8 24 0.242424 0.727273
744 9 24 0.272727 0.727273
745 10 24 0.30303 0.727273
746 11 24 0.333333 0.727273
747 12 24 0.363636 0.727273
748 13 24 0.393939 0.727273
749 14 24 0.424242 0.727273
750 15 24 0.454545 0.727273
751 16 24 0.484848 0.727273
752 17 24 0.515152 0.727273
753 18 24 0.545455 0.727273
754 19 24 0.575758 0.727273
755 20 24 0.606061 0.727273
756 21 24 0.636364 0.727273
757 22 24 0.666667 0.727273
758 23 24 0.69697 0.727273
759 24 24 0.727273 0.727273
760 25 24 0.757576 0.727273
761 26 24 0.787879 0.727273
762 27 24 0.818182 0.727273
763 28 24 0.848485 0.727273
764 29 24 0.878788 0.727273
765 30 24 0.909091 0.727273
766 31 24 0.939394 0.727273
767 32 24 0.969697 0.727273
768 1 25 0.030303 0.757576
769 2 25 0.0606061 0.757576
770 3 25 0.0909091 0.757576
771 4 25 0.121212 0.757576
772 5 25 0.151515 0.757576
773 6 25 0.181818 0.757576
774 7 25 0.212121 0.757576
775 8 25 0.242424 0.757576
776 9 25 0.272727 0.757576
777 10 25 0.30303 0.757576
778 11 25 0.333333 0.757576
779 12 25 0.363636 0.757576
780 13 25 0.393939 0.757576
781 14 25 0.424242 0.757576
782 15 25 0.454545 0.757576
783 16 25 0.484848 0.757576
784 17 25 0.515152 0.757576
785 18 25 0.545455 0.757576
786 19 25 0.575758 0.757576
787 20 25 0.606061 0.757576
788 21 25 0.636364 0.757576
789 22 25 0.666667 0.757576
790 23 25 0.69697 0.757576
791 24 25 0.727273 0.757576
792 25 25 0.757576 0.757576
793 26 25 0.787879 0.757576
794 27 25 0.818182 0.757576
795 28 25 0.848485 0.757576
796 29 25 0.878788 0.757576
797 30 25 0.909091 0.757576
798 31 25 0.939394 0.757576
799 32 25 0.969697 0.757576
800 1 26 0.030303 0.787879
801 2 26 0.0606061 0.787879
802 3 26 0.0909091 0.787879
803 4 26 0.121212 0.787879
804 5 26 0.151515 0.787879
805 6 26 0.181818 0.787879
806 7 26 0.212121 0.787879
807 8 26 0.242424 0.787879
808 9 26 0.272727 0.787879
809 10 26 0.30303 0.787879
810 11 26 0.333333 0.787879
811 12 26 0.363636 0.787879
812 13 26 0.393939 0.787879
813 14 26 0.424242 0.787879
814 15 26 0.454545 0.787879
815 16 26 0.484848 0.787879
816 17 26 0.515152 0.787879
817 18 26 0.545455 0.787879
818 19 26 0.575758 0.787879
819 20 26 0.606061 0.787879
820 21 26 0.636364 0.787879
821 22 26 0.666667 0.787879
822 23 26 0.69697 0.787879
823 24 26 0.727273 0.787879
824 25 26 0.757576 0.787879
825 26 26 0.787879 0.787879
826 27 26 0.818182 0.787879
827 28 26 0.848485 0.787879
828 29 26 0.878788 0.787879
829 30 26 0.909091 0.787879
830 31 26 0.939394 0.787879
831 32 26 0.969697 0.787879
832 1 27 0.030303 0.818182
833 2 27 0.0606061 0.818182
834 3 27 0.0909091 0.818182
835 4 27 0.121212 0.818182
836 5 27 0.151515 0.818182
837 6 27 0.181818 0.818182
838 7 27 0.212121 0.818182
839 8 27 0.242424 0.818182
840 9 27 0.272727 0.818182
841 10 27 0.30303 0.818182
842 11 27 0.333333 0.818182
843 12 27 0.363636 0.818182
844 13 27 0.393939 0.818182
845 14 27 0.424242 0.818182
846 15 27 0.454545 0.818182
847 16 27 0.484848 0.818182
848 17 27 0.515152 0.818182
849 18 27 0.545455 0.818182
850 19 27 0.575758 0.818182
851 20 27 0.606061 0.818182
852 21 27 0.636364 0.818182
853 22 27 0.666667 0.818182
854 23 27 0.69697 0.818182
855 24 27 0.727273 0.818182
856 25 27 0.757576 0.818182
857 26 27 0.787879 0.818182
858 27 27 0.818182 0.818182
859 28 27 0.848485 0.818182
860 29 27 0.878788 0.818182
861 30 27 0.909091 0.818182
862 31 27 0.939394 0.818182
863 32 27 0.969697 0.818182
864 1 28 0.030303 0.848485
865 2 28 0.0606061 0.848485
866 3 28 0.0909091 0.848485
867 4 28 0.121212 0.848485
868 5 28 0.151515 0.848485
869 6 28 0.181818 0.848485
870 7 28 0.212121 0.848485
871 8 28 0.242424 0.848485
872 9 28 0.272727 0.848485
873 10 28 0.30303 0.848485
874 11 28 0.333333 0.848485
875 12 28 0.363636 0.848485
876 13 28 0.393939 0.848485
877 14 28 0.424242 0.848485
878 15 28 0.454545 0.848485
879 16 28 0.484848 0.848485
880 17 28 0.515152 0.848485
881 18 28 0.545455 0.848485
882 19 28 0.575758 0.848485
883 20 28 0.606061 0.848485
884 21 28 0.636364 0.848485
885 22 28 0.666667 0.848485
886 23 28 0.69697 0.848485
887 24 28 0.727273 0.848485
888 25 28 0.757576 0.848485
889 26 28 0.787879 0.848485
890 27 28 0.818182 0.848485
891 28 28 0.848485 0.848485
892 29 28 0.878788 0.848485
893 30 28 0.909091 0.848485
894 31 28 0.939394 0.848485
895 32 28 0.969697 0.848485
896 1 29 0.030303 0.878788
897 2 29 0.0606061 0.878788
898 3 29 0.0909091 0.878788
899 4 29 0.121212 0.878788
900 5 29 0.151515 0.878788
901 6 29 0.181818 0.878788
902 7 29 0.212121 0.878788
903 8 29 0.242424 0.878788
904 9 29 0.272727 0.878788
905 10 29 0.30303 0.878788
906 11 29 0.333333 0.878788
907 12 29 0.363636 0.878788
908 13 29 0.393939 0.878788
909 14 29 0.424242 0.878788
910 15 29 0.454545 0.878788
911 16 29 0.484848 0.878788
912 17 29 0.515152 0.878788
913 18 29 0.545455 0.878788
914 19 29 0.575758 0.878788
915 20 29 0.606061 0.878788
916 21 29 0.636364 0.878788
917 22 29 0.666667 0.878788
918 23 29 0.69697 0.878788
919 24 29 0.727273 0.878788
920 25 29 0.757576 0.878788
921 26 29 0.787879 0.878788
922 27 29 0.818182 0.878788
923 28 29 0.848485 0.878788
924 29 29 0.878788 0.878788
925 30 29 0.909091 0.878788
926 31 29 0.939394 0.878788
927 32 29 0.969697 0.878788
928 1 30 0.030303 0.909091
929 2 30 0.0606061 0.909091
930 3 30 0.0909091 0.909091
931 4 30 0.121212 0.909091
932 5 30 0.151515 0.909091
933 6 30 0.181818 0.909091
934 7 30 0.212121 0.909091
935 8 30 0.242424 0.909091
936 9 30 0.272727 0.909091
937 10 30 0.30303 0.909091
938 11 30 0.333333 0.909091
939 12 30 0.363636 0.909091
940 13 30 0.393939 0.909091
941 14 30 0.424242 0.909091
942 15 30 0.454545 0.909091
943 16 30 0.484848 0.909091
944 17 30 0.515152 0.909091
945 18 30 0.545455 0.909091
946 19 30 0.575758 0.909091
947 20 30 0.606061 0.909091
948 21 30 0.636364 0.909091
949 22 30 0.666667 0.909091
950 23 30 0.69697 0.909091
951 24 30 0.727273 0.909091
952 25 30 0.757576 0.909091
953 26 30 0.787879 0.909091
954 27 30 0.818182 0.909091
955 28 30 0.848485 0.909091
956 29 30 0.878788 0.909091
957 30 30 0.909091 0.909091
958 31 30 0.939394 0.909091
959 32 30 0.969697 0.909091
960 1 31 0.030303 0.939394
961 2 31 0.0606061 0.939394
962 3 31 0.0909091 0.939394
963 4 31 0.121212 0.939394
964 5 31 0.151515 0.939394
965 6 31 0.181818 0.939394
966 7 31 0.212121 0.939394
967 8 31 0.242424 0.939394
968 9 31 0.272727 0.939394
969 10 31 0.30303 0.939394
970 11 31 0.333333 0.939394
971 12 31 0.363636 0.939394
972 13 31 0.393939 0.939394
973 14 31 0.424242 0.939394
974 15 31 0.454545 0.939394
975 16 31 0.484848 0.939394
976 17 31 0.515152 0.939394
977 18 31 0.545455 0.939394
978 19 31 0.575758 0.939394
979 20 31 0.606061 0.939394
980 21 31 0.636364 0.939394
981 22 31 0.666667 0.939394
982 23 31 0.69697 0.939394
983 24 31 0.727273 0.939394
984 25 31 0.757576 0.939394
985 26 31 0.787879 0.939394
986 27 31 0.818182 0.939394
987 28 31 0.848485 0.939394
988 29 31 0.878788 0.939394
989 30 31 0.909091 0.939394
990 31 31 0.939394 0.939394
991 32 31 0.969697 0.939394
992 1 32 0.030303 0.969697
993 2 32 0.0606061 0.969697
994 3 32 0.0909091 0.969697
995 4 32 0.121212 0.969697
996 5 32 0.151515 0.969697
997 6 32 0.181818 0.969697
998 7 32 0.212121 0.969697
999 8 32 0.242424 0.969697
1000 9 32 0.272727 0.969697
1001 10 32 0.30303 0.969697
1002 11 32 0.333333 0.969697
1003 12 32 0.363636 0.969697
1004 13 32 0.393939 0.969697
1005 14 32 0.424242 0.969697
1006 15 32 0.454545 0.969697
1007 16 32 0.484848 0.969697
1008 17 32 0.515152 0.969697
1009 18 32 0.545455 0.969697
1010 19 32 0.575758 0.969697
1011 20 32 0.606061 0.969697
1012 21 32 0.636364 0.969697
1013 22 32 0.666667 0.969697
1014 23 32 0.69697 0.969697
1015 24 32 0.727273 0.969697
1016 25 32 0.757576 0.969697
1017 26 32 0.787879 0.969697
1018 27 32 0.818182 0.969697
1019 28 32 0.848485 0.969697
1020 29 32 0.878788 0.969697
1021 30 32 0.909091 0.969697
1022 31 32 0.939394 0.969697
1023 32 32 0.969697 0.969697
