0 0
1 64
2 1
3 65
4 192
5 193
6 128
7 129
8 3
9 67
10 195
11 131
12 2
13 66
14 130
15 194
16 320
17 321
18 448
19 449
20 384
21 385
22 323
23 451
24 387
25 322
26 386
27 450
28 256
29 257
30 258
31 259
32 5
33 69
34 197
35 133
36 7
37 71
38 199
39 135
40 6
41 70
42 134
43 198
44 325
45 453
46 389
47 327
48 455
49 391
50 326
51 390
52 454
53 261
54 262
55 263
56 260
57 324
58 388
59 4
60 68
61 452
62 132
63 196
64 576
65 577
66 704
67 705
68 640
69 641
70 579
71 707
72 643
73 578
74 642
75 706
76 832
77 833
78 960
79 961
80 896
81 897
82 835
83 963
84 899
85 834
86 898
87 962
88 768
89 769
90 770
91 771
92 581
93 709
94 645
95 583
96 711
97 647
98 582
99 646
100 710
101 837
102 965
103 901
104 839
105 967
106 903
107 838
108 902
109 966
110 773
111 774
112 775
113 580
114 772
115 836
116 708
117 900
118 644
119 964
120 515
121 513
122 519
123 516
124 512
125 514
126 517
127 518
128 9
129 73
130 201
131 137
132 11
133 75
134 203
135 139
136 10
137 74
138 138
139 202
140 329
141 457
142 393
143 331
144 459
145 395
146 330
147 394
148 458
149 265
150 266
151 267
152 13
153 77
154 205
155 141
156 15
157 79
158 207
159 143
160 14
161 78
162 142
163 206
164 333
165 461
166 397
167 335
168 463
169 399
170 334
171 398
172 462
173 269
174 270
175 271
176 12
177 332
178 76
179 140
180 268
181 204
182 396
183 460
184 585
185 713
186 649
187 587
188 715
189 651
190 586
191 650
192 714
193 841
194 969
195 905
196 843
197 971
198 907
199 842
200 906
201 970
202 777
203 778
204 779
205 589
206 717
207 653
208 591
209 719
210 655
211 590
212 654
213 718
214 845
215 973
216 909
217 847
218 975
219 911
220 846
221 910
222 974
223 781
224 782
225 783
226 588
227 844
228 780
229 652
230 716
231 908
232 972
233 524
234 523
235 521
236 522
237 526
238 525
239 527
240 8
241 968
242 72
243 200
244 776
245 904
246 136
247 840
248 456
249 648
250 328
251 520
252 264
253 392
254 712
255 584
256 1088
257 1089
258 1216
259 1217
260 1152
261 1153
262 1091
263 1219
264 1155
265 1090
266 1154
267 1218
268 1344
269 1345
270 1472
271 1473
272 1408
273 1409
274 1347
275 1475
276 1411
277 1346
278 1410
279 1474
280 1280
281 1281
282 1282
283 1283
284 1093
285 1221
286 1157
287 1095
288 1223
289 1159
290 1094
291 1158
292 1222
293 1349
294 1477
295 1413
296 1351
297 1479
298 1415
299 1350
300 1414
301 1478
302 1285
303 1286
304 1287
305 1092
306 1156
307 1348
308 1220
309 1412
310 1476
311 1284
312 1600
313 1601
314 1728
315 1729
316 1664
317 1665
318 1603
319 1731
320 1667
321 1602
322 1666
323 1730
324 1856
325 1857
326 1984
327 1985
328 1920
329 1921
330 1859
331 1987
332 1923
333 1858
334 1922
335 1986
336 1792
337 1793
338 1794
339 1795
340 1605
341 1733
342 1669
343 1607
344 1735
345 1671
346 1606
347 1670
348 1734
349 1861
350 1989
351 1925
352 1863
353 1991
354 1927
355 1862
356 1926
357 1990
358 1797
359 1798
360 1799
361 1796
362 1668
363 1860
364 1924
365 1732
366 1604
367 1988
368 1542
369 1537
370 1536
371 1538
372 1539
373 1540
374 1543
375 1541
376 1097
377 1225
378 1161
379 1099
380 1227
381 1163
382 1098
383 1162
384 1226
385 1353
386 1481
387 1417
388 1355
389 1483
390 1419
391 1354
392 1418
393 1482
394 1289
395 1290
396 1291
397 1101
398 1229
399 1165
400 1103
401 1231
402 1167
403 1102
404 1166
405 1230
406 1357
407 1485
408 1421
409 1359
410 1487
411 1423
412 1358
413 1422
414 1486
415 1293
416 1294
417 1295
418 1100
419 1164
420 1228
421 1292
422 1356
423 1420
424 1484
425 1609
426 1737
427 1673
428 1611
429 1739
430 1675
431 1610
432 1674
433 1738
434 1865
435 1993
436 1929
437 1867
438 1995
439 1931
440 1866
441 1930
442 1994
443 1801
444 1802
445 1803
446 1613
447 1741
448 1677
449 1615
450 1743
451 1679
452 1614
453 1678
454 1742
455 1869
456 1997
457 1933
458 1871
459 1999
460 1935
461 1870
462 1934
463 1998
464 1805
465 1806
466 1807
467 1804
468 1676
469 1868
470 1932
471 1740
472 1996
473 1612
474 1548
475 1547
476 1545
477 1546
478 1549
479 1551
480 1550
481 1864
482 1672
483 1096
484 1416
485 1480
486 1160
487 1608
488 1736
489 1800
490 1352
491 1224
492 1992
493 1544
494 1288
495 1928
496 1035
497 1032
498 1033
499 1034
500 1036
501 1037
502 1038
503 1024
504 1039
505 1025
506 1026
507 1027
508 1028
509 1029
510 1030
511 1031
512 17
513 81
514 209
515 145
516 19
517 83
518 211
519 147
520 18
521 82
522 146
523 210
524 337
525 465
526 401
527 339
528 467
529 403
530 338
531 402
532 466
533 273
534 274
535 275
536 21
537 85
538 213
539 149
540 23
541 87
542 215
543 151
544 22
545 86
546 150
547 214
548 341
549 469
550 405
551 343
552 471
553 407
554 342
555 406
556 470
557 277
558 278
559 279
560 468
561 212
562 276
563 84
564 20
565 340
566 148
567 404
568 593
569 721
570 657
571 595
572 723
573 659
574 594
575 658
576 722
577 849
578 977
579 913
580 851
581 979
582 915
583 850
584 914
585 978
586 785
587 786
588 787
589 597
590 725
591 661
592 599
593 727
594 663
595 598
596 662
597 726
598 853
599 981
600 917
601 855
602 983
603 919
604 854
605 918
606 982
607 789
608 790
609 791
610 596
611 660
612 724
613 788
614 852
615 916
616 980
617 535
618 533
619 534
620 530
621 529
622 531
623 532
624 25
625 89
626 217
627 153
628 27
629 91
630 219
631 155
632 26
633 90
634 154
635 218
636 345
637 473
638 409
639 347
640 475
641 411
642 346
643 410
644 474
645 281
646 282
647 283
648 29
649 93
650 221
651 157
652 31
653 95
654 223
655 159
656 30
657 94
658 158
659 222
660 349
661 477
662 413
663 351
664 479
665 415
666 350
667 414
668 478
669 285
670 286
671 287
672 476
673 28
674 156
675 220
676 92
677 284
678 348
679 412
680 601
681 729
682 665
683 603
684 731
685 667
686 602
687 666
688 730
689 857
690 985
691 921
692 859
693 987
694 923
695 858
696 922
697 986
698 793
699 794
700 795
701 605
702 733
703 669
704 607
705 735
706 671
707 606
708 670
709 734
710 861
711 989
712 925
713 863
714 991
715 927
716 862
717 926
718 990
719 797
720 798
721 799
722 604
723 924
724 668
725 796
726 860
727 732
728 988
729 539
730 538
731 540
732 541
733 542
734 537
735 543
736 88
737 344
738 24
739 664
740 408
741 920
742 984
743 280
744 536
745 472
746 856
747 216
748 792
749 152
750 600
751 728
752 1105
753 1233
754 1169
755 1107
756 1235
757 1171
758 1106
759 1170
760 1234
761 1361
762 1489
763 1425
764 1363
765 1491
766 1427
767 1362
768 1426
769 1490
770 1297
771 1298
772 1299
773 1109
774 1237
775 1173
776 1111
777 1239
778 1175
779 1110
780 1174
781 1238
782 1365
783 1493
784 1429
785 1367
786 1495
787 1431
788 1366
789 1430
790 1494
791 1301
792 1302
793 1303
794 1236
795 1364
796 1172
797 1428
798 1300
799 1108
800 1492
801 1617
802 1745
803 1681
804 1619
805 1747
806 1683
807 1618
808 1682
809 1746
810 1873
811 2001
812 1937
813 1875
814 2003
815 1939
816 1874
817 1938
818 2002
819 1809
820 1810
821 1811
822 1621
823 1749
824 1685
825 1623
826 1751
827 1687
828 1622
829 1686
830 1750
831 1877
832 2005
833 1941
834 1879
835 2007
836 1943
837 1878
838 1942
839 2006
840 1813
841 1814
842 1815
843 1620
844 1684
845 1812
846 1876
847 1748
848 2004
849 1940
850 1554
851 1555
852 1556
853 1559
854 1557
855 1558
856 1553
857 1113
858 1241
859 1177
860 1115
861 1243
862 1179
863 1114
864 1178
865 1242
866 1369
867 1497
868 1433
869 1371
870 1499
871 1435
872 1370
873 1434
874 1498
875 1305
876 1306
877 1307
878 1117
879 1245
880 1181
881 1119
882 1247
883 1183
884 1118
885 1182
886 1246
887 1373
888 1501
889 1437
890 1375
891 1503
892 1439
893 1374
894 1438
895 1502
896 1309
897 1310
898 1311
899 1436
900 1244
901 1308
902 1372
903 1500
904 1116
905 1180
906 1625
907 1753
908 1689
909 1627
910 1755
911 1691
912 1626
913 1690
914 1754
915 1881
916 2009
917 1945
918 1883
919 2011
920 1947
921 1882
922 1946
923 2010
924 1817
925 1818
926 1819
927 1629
928 1757
929 1693
930 1631
931 1759
932 1695
933 1630
934 1694
935 1758
936 1885
937 2013
938 1949
939 1887
940 2015
941 1951
942 1886
943 1950
944 2014
945 1821
946 1822
947 1823
948 1628
949 1884
950 1692
951 1820
952 1756
953 1948
954 2012
955 1563
956 1566
957 1564
958 1562
959 1561
960 1567
961 1565
962 1112
963 1624
964 1304
965 1560
966 1432
967 1816
968 2008
969 1368
970 1752
971 1880
972 1688
973 1944
974 1496
975 1176
976 1240
977 1046
978 1052
979 1051
980 1048
981 1041
982 1049
983 1044
984 1042
985 1043
986 1050
987 1055
988 1045
989 1047
990 1054
991 1053
992 80
993 1296
994 592
995 976
996 1424
997 784
998 1040
999 464
1000 1872
1001 848
1002 16
1003 208
1004 144
1005 1168
1006 1936
1007 1104
1008 336
1009 400
1010 1488
1011 656
1012 1616
1013 1552
1014 2000
1015 720
1016 1680
1017 912
1018 528
1019 1744
1020 272
1021 1808
1022 1232
1023 1360
1024 2112
1025 2113
1026 2240
1027 2241
1028 2176
1029 2177
1030 2115
1031 2243
1032 2179
1033 2114
1034 2178
1035 2242
1036 2368
1037 2369
1038 2496
1039 2497
1040 2432
1041 2433
1042 2371
1043 2499
1044 2435
1045 2370
1046 2434
1047 2498
1048 2304
1049 2305
1050 2306
1051 2307
1052 2117
1053 2245
1054 2181
1055 2119
1056 2247
1057 2183
1058 2118
1059 2182
1060 2246
1061 2373
1062 2501
1063 2437
1064 2375
1065 2503
1066 2439
1067 2374
1068 2438
1069 2502
1070 2309
1071 2310
1072 2311
1073 2116
1074 2180
1075 2372
1076 2308
1077 2244
1078 2436
1079 2500
1080 2624
1081 2625
1082 2752
1083 2753
1084 2688
1085 2689
1086 2627
1087 2755
1088 2691
1089 2626
1090 2690
1091 2754
1092 2880
1093 2881
1094 3008
1095 3009
1096 2944
1097 2945
1098 2883
1099 3011
1100 2947
1101 2882
1102 2946
1103 3010
1104 2816
1105 2817
1106 2818
1107 2819
1108 2629
1109 2757
1110 2693
1111 2631
1112 2759
1113 2695
1114 2630
1115 2694
1116 2758
1117 2885
1118 3013
1119 2949
1120 2887
1121 3015
1122 2951
1123 2886
1124 2950
1125 3014
1126 2821
1127 2822
1128 2823
1129 3012
1130 2884
1131 2948
1132 2628
1133 2692
1134 2756
1135 2820
1136 2564
1137 2560
1138 2563
1139 2561
1140 2562
1141 2565
1142 2566
1143 2567
1144 2121
1145 2249
1146 2185
1147 2123
1148 2251
1149 2187
1150 2122
1151 2186
1152 2250
1153 2377
1154 2505
1155 2441
1156 2379
1157 2507
1158 2443
1159 2378
1160 2442
1161 2506
1162 2313
1163 2314
1164 2315
1165 2125
1166 2253
1167 2189
1168 2127
1169 2255
1170 2191
1171 2126
1172 2190
1173 2254
1174 2381
1175 2509
1176 2445
1177 2383
1178 2511
1179 2447
1180 2382
1181 2446
1182 2510
1183 2317
1184 2318
1185 2319
1186 2380
1187 2508
1188 2124
1189 2188
1190 2316
1191 2252
1192 2444
1193 2633
1194 2761
1195 2697
1196 2635
1197 2763
1198 2699
1199 2634
1200 2698
1201 2762
1202 2889
1203 3017
1204 2953
1205 2891
1206 3019
1207 2955
1208 2890
1209 2954
1210 3018
1211 2825
1212 2826
1213 2827
1214 2637
1215 2765
1216 2701
1217 2639
1218 2767
1219 2703
1220 2638
1221 2702
1222 2766
1223 2893
1224 3021
1225 2957
1226 2895
1227 3023
1228 2959
1229 2894
1230 2958
1231 3022
1232 2829
1233 2830
1234 2831
1235 2636
1236 2892
1237 2700
1238 2828
1239 2764
1240 2956
1241 3020
1242 2575
1243 2570
1244 2571
1245 2573
1246 2574
1247 2572
1248 2569
1249 2184
1250 3016
1251 2120
1252 2760
1253 2376
1254 2632
1255 2824
1256 2312
1257 2888
1258 2952
1259 2440
1260 2696
1261 2504
1262 2248
1263 2568
1264 3136
1265 3137
1266 3264
1267 3265
1268 3200
1269 3201
1270 3139
1271 3267
1272 3203
1273 3138
1274 3202
1275 3266
1276 3392
1277 3393
1278 3520
1279 3521
1280 3456
1281 3457
1282 3395
1283 3523
1284 3459
1285 3394
1286 3458
1287 3522
1288 3328
1289 3329
1290 3330
1291 3331
1292 3141
1293 3269
1294 3205
1295 3143
1296 3271
1297 3207
1298 3142
1299 3206
1300 3270
1301 3397
1302 3525
1303 3461
1304 3399
1305 3527
1306 3463
1307 3398
1308 3462
1309 3526
1310 3333
1311 3334
1312 3335
1313 3396
1314 3140
1315 3204
1316 3460
1317 3268
1318 3524
1319 3332
1320 3648
1321 3649
1322 3776
1323 3777
1324 3712
1325 3713
1326 3651
1327 3779
1328 3715
1329 3650
1330 3714
1331 3778
1332 3904
1333 3905
1334 4032
1335 4033
1336 3968
1337 3969
1338 3907
1339 4035
1340 3971
1341 3906
1342 3970
1343 4034
1344 3840
1345 3841
1346 3842
1347 3843
1348 3653
1349 3781
1350 3717
1351 3655
1352 3783
1353 3719
1354 3654
1355 3718
1356 3782
1357 3909
1358 4037
1359 3973
1360 3911
1361 4039
1362 3975
1363 3910
1364 3974
1365 4038
1366 3845
1367 3846
1368 3847
1369 3908
1370 3652
1371 3972
1372 3716
1373 3780
1374 3844
1375 4036
1376 3586
1377 3584
1378 3585
1379 3589
1380 3590
1381 3587
1382 3591
1383 3588
1384 3145
1385 3273
1386 3209
1387 3147
1388 3275
1389 3211
1390 3146
1391 3210
1392 3274
1393 3401
1394 3529
1395 3465
1396 3403
1397 3531
1398 3467
1399 3402
1400 3466
1401 3530
1402 3337
1403 3338
1404 3339
1405 3149
1406 3277
1407 3213
1408 3151
1409 3279
1410 3215
1411 3150
1412 3214
1413 3278
1414 3405
1415 3533
1416 3469
1417 3407
1418 3535
1419 3471
1420 3406
1421 3470
1422 3534
1423 3341
1424 3342
1425 3343
1426 3532
1427 3148
1428 3276
1429 3212
1430 3340
1431 3404
1432 3468
1433 3657
1434 3785
1435 3721
1436 3659
1437 3787
1438 3723
1439 3658
1440 3722
1441 3786
1442 3913
1443 4041
1444 3977
1445 3915
1446 4043
1447 3979
1448 3914
1449 3978
1450 4042
1451 3849
1452 3850
1453 3851
1454 3661
1455 3789
1456 3725
1457 3663
1458 3791
1459 3727
1460 3662
1461 3726
1462 3790
1463 3917
1464 4045
1465 3981
1466 3919
1467 4047
1468 3983
1469 3918
1470 3982
1471 4046
1472 3853
1473 3854
1474 3855
1475 3660
1476 3724
1477 3852
1478 3980
1479 3916
1480 3788
1481 4044
1482 3593
1483 3599
1484 3597
1485 3596
1486 3594
1487 3595
1488 3598
1489 3144
1490 3592
1491 3976
1492 3848
1493 3528
1494 3656
1495 3912
1496 3400
1497 3336
1498 4040
1499 3720
1500 3272
1501 3464
1502 3784
1503 3208
1504 3084
1505 3082
1506 3076
1507 3080
1508 3075
1509 3086
1510 3072
1511 3073
1512 3078
1513 3087
1514 3074
1515 3081
1516 3085
1517 3077
1518 3083
1519 3079
1520 2129
1521 2257
1522 2193
1523 2131
1524 2259
1525 2195
1526 2130
1527 2194
1528 2258
1529 2385
1530 2513
1531 2449
1532 2387
1533 2515
1534 2451
1535 2386
1536 2450
1537 2514
1538 2321
1539 2322
1540 2323
1541 2133
1542 2261
1543 2197
1544 2135
1545 2263
1546 2199
1547 2134
1548 2198
1549 2262
1550 2389
1551 2517
1552 2453
1553 2391
1554 2519
1555 2455
1556 2390
1557 2454
1558 2518
1559 2325
1560 2326
1561 2327
1562 2132
1563 2260
1564 2324
1565 2388
1566 2452
1567 2196
1568 2516
1569 2641
1570 2769
1571 2705
1572 2643
1573 2771
1574 2707
1575 2642
1576 2706
1577 2770
1578 2897
1579 3025
1580 2961
1581 2899
1582 3027
1583 2963
1584 2898
1585 2962
1586 3026
1587 2833
1588 2834
1589 2835
1590 2645
1591 2773
1592 2709
1593 2647
1594 2775
1595 2711
1596 2646
1597 2710
1598 2774
1599 2901
1600 3029
1601 2965
1602 2903
1603 3031
1604 2967
1605 2902
1606 2966
1607 3030
1608 2837
1609 2838
1610 2839
1611 2644
1612 2900
1613 2708
1614 2836
1615 2772
1616 2964
1617 3028
1618 2581
1619 2578
1620 2579
1621 2580
1622 2577
1623 2583
1624 2582
1625 2137
1626 2265
1627 2201
1628 2139
1629 2267
1630 2203
1631 2138
1632 2202
1633 2266
1634 2393
1635 2521
1636 2457
1637 2395
1638 2523
1639 2459
1640 2394
1641 2458
1642 2522
1643 2329
1644 2330
1645 2331
1646 2141
1647 2269
1648 2205
1649 2143
1650 2271
1651 2207
1652 2142
1653 2206
1654 2270
1655 2397
1656 2525
1657 2461
1658 2399
1659 2527
1660 2463
1661 2398
1662 2462
1663 2526
1664 2333
1665 2334
1666 2335
1667 2204
1668 2396
1669 2268
1670 2460
1671 2332
1672 2524
1673 2140
1674 2649
1675 2777
1676 2713
1677 2651
1678 2779
1679 2715
1680 2650
1681 2714
1682 2778
1683 2905
1684 3033
1685 2969
1686 2907
1687 3035
1688 2971
1689 2906
1690 2970
1691 3034
1692 2841
1693 2842
1694 2843
1695 2653
1696 2781
1697 2717
1698 2655
1699 2783
1700 2719
1701 2654
1702 2718
1703 2782
1704 2909
1705 3037
1706 2973
1707 2911
1708 3039
1709 2975
1710 2910
1711 2974
1712 3038
1713 2845
1714 2846
1715 2847
1716 2716
1717 2780
1718 2844
1719 3036
1720 2908
1721 2972
1722 2652
1723 2587
1724 2590
1725 2591
1726 2589
1727 2585
1728 2586
1729 2588
1730 2840
1731 2136
1732 2648
1733 2200
1734 2968
1735 2904
1736 2584
1737 2392
1738 2264
1739 3032
1740 2712
1741 2520
1742 2328
1743 2776
1744 2456
1745 3153
1746 3281
1747 3217
1748 3155
1749 3283
1750 3219
1751 3154
1752 3218
1753 3282
1754 3409
1755 3537
1756 3473
1757 3411
1758 3539
1759 3475
1760 3410
1761 3474
1762 3538
1763 3345
1764 3346
1765 3347
1766 3157
1767 3285
1768 3221
1769 3159
1770 3287
1771 3223
1772 3158
1773 3222
1774 3286
1775 3413
1776 3541
1777 3477
1778 3415
1779 3543
1780 3479
1781 3414
1782 3478
1783 3542
1784 3349
1785 3350
1786 3351
1787 3412
1788 3156
1789 3348
1790 3220
1791 3284
1792 3476
1793 3540
1794 3665
1795 3793
1796 3729
1797 3667
1798 3795
1799 3731
1800 3666
1801 3730
1802 3794
1803 3921
1804 4049
1805 3985
1806 3923
1807 4051
1808 3987
1809 3922
1810 3986
1811 4050
1812 3857
1813 3858
1814 3859
1815 3669
1816 3797
1817 3733
1818 3671
1819 3799
1820 3735
1821 3670
1822 3734
1823 3798
1824 3925
1825 4053
1826 3989
1827 3927
1828 4055
1829 3991
1830 3926
1831 3990
1832 4054
1833 3861
1834 3862
1835 3863
1836 3668
1837 3860
1838 3924
1839 3732
1840 3796
1841 3988
1842 4052
1843 3607
1844 3606
1845 3603
1846 3602
1847 3601
1848 3605
1849 3604
1850 3161
1851 3289
1852 3225
1853 3163
1854 3291
1855 3227
1856 3162
1857 3226
1858 3290
1859 3417
1860 3545
1861 3481
1862 3419
1863 3547
1864 3483
1865 3418
1866 3482
1867 3546
1868 3353
1869 3354
1870 3355
1871 3165
1872 3293
1873 3229
1874 3167
1875 3295
1876 3231
1877 3166
1878 3230
1879 3294
1880 3421
1881 3549
1882 3485
1883 3423
1884 3551
1885 3487
1886 3422
1887 3486
1888 3550
1889 3357
1890 3358
1891 3359
1892 3164
1893 3228
1894 3356
1895 3420
1896 3292
1897 3484
1898 3548
1899 3673
1900 3801
1901 3737
1902 3675
1903 3803
1904 3739
1905 3674
1906 3738
1907 3802
1908 3929
1909 4057
1910 3993
1911 3931
1912 4059
1913 3995
1914 3930
1915 3994
1916 4058
1917 3865
1918 3866
1919 3867
1920 3677
1921 3805
1922 3741
1923 3679
1924 3807
1925 3743
1926 3678
1927 3742
1928 3806
1929 3933
1930 4061
1931 3997
1932 3935
1933 4063
1934 3999
1935 3934
1936 3998
1937 4062
1938 3869
1939 3870
1940 3871
1941 3740
1942 3676
1943 3804
1944 3868
1945 3996
1946 3932
1947 4060
1948 3615
1949 3609
1950 3612
1951 3613
1952 3611
1953 3614
1954 3610
1955 3160
1956 3416
1957 3992
1958 4056
1959 3736
1960 3288
1961 3672
1962 3480
1963 3800
1964 3352
1965 3864
1966 3544
1967 3928
1968 3608
1969 3224
1970 3089
1971 3097
1972 3093
1973 3100
1974 3092
1975 3098
1976 3101
1977 3103
1978 3095
1979 3091
1980 3096
1981 3094
1982 3099
1983 3090
1984 3102
1985 3536
1986 2896
1987 3088
1988 2384
1989 3152
1990 2768
1991 3216
1992 2320
1993 3344
1994 3280
1995 3856
1996 2576
1997 2192
1998 2256
1999 3664
2000 3920
2001 3408
2002 3728
2003 3024
2004 4048
2005 3984
2006 2128
2007 3600
2008 3472
2009 2640
2010 2832
2011 2512
2012 2704
2013 2448
2014 2960
2015 3792
2016 2078
2017 2066
2018 2065
2019 2069
2020 2061
2021 2059
2022 2075
2023 2062
2024 2072
2025 2063
2026 2057
2027 2053
2028 2079
2029 2051
2030 2052
2031 2049
2032 2074
2033 2077
2034 2054
2035 2071
2036 2064
2037 2067
2038 2076
2039 2058
2040 2056
2041 2048
2042 2055
2043 2068
2044 2070
2045 2060
2046 2073
2047 2050
2048 33
2049 97
2050 225
2051 161
2052 35
2053 99
2054 227
2055 163
2056 34
2057 98
2058 162
2059 226
2060 353
2061 481
2062 417
2063 355
2064 483
2065 419
2066 354
2067 418
2068 482
2069 289
2070 290
2071 291
2072 37
2073 101
2074 229
2075 165
2076 39
2077 103
2078 231
2079 167
2080 38
2081 102
2082 166
2083 230
2084 357
2085 485
2086 421
2087 359
2088 487
2089 423
2090 358
2091 422
2092 486
2093 293
2094 294
2095 295
2096 292
2097 164
2098 356
2099 100
2100 484
2101 228
2102 420
2103 36
2104 609
2105 737
2106 673
2107 611
2108 739
2109 675
2110 610
2111 674
2112 738
2113 865
2114 993
2115 929
2116 867
2117 995
2118 931
2119 866
2120 930
2121 994
2122 801
2123 802
2124 803
2125 613
2126 741
2127 677
2128 615
2129 743
2130 679
2131 614
2132 678
2133 742
2134 869
2135 997
2136 933
2137 871
2138 999
2139 935
2140 870
2141 934
2142 998
2143 805
2144 806
2145 807
2146 868
2147 676
2148 612
2149 740
2150 804
2151 996
2152 932
2153 549
2154 547
2155 550
2156 548
2157 546
2158 545
2159 551
2160 41
2161 105
2162 233
2163 169
2164 43
2165 107
2166 235
2167 171
2168 42
2169 106
2170 170
2171 234
2172 361
2173 489
2174 425
2175 363
2176 491
2177 427
2178 362
2179 426
2180 490
2181 297
2182 298
2183 299
2184 45
2185 109
2186 237
2187 173
2188 47
2189 111
2190 239
2191 175
2192 46
2193 110
2194 174
2195 238
2196 365
2197 493
2198 429
2199 367
2200 495
2201 431
2202 366
2203 430
2204 494
2205 301
2206 302
2207 303
2208 364
2209 300
2210 172
2211 108
2212 428
2213 44
2214 492
2215 236
2216 617
2217 745
2218 681
2219 619
2220 747
2221 683
2222 618
2223 682
2224 746
2225 873
2226 1001
2227 937
2228 875
2229 1003
2230 939
2231 874
2232 938
2233 1002
2234 809
2235 810
2236 811
2237 621
2238 749
2239 685
2240 623
2241 751
2242 687
2243 622
2244 686
2245 750
2246 877
2247 1005
2248 941
2249 879
2250 1007
2251 943
2252 878
2253 942
2254 1006
2255 813
2256 814
2257 815
2258 684
2259 876
2260 812
2261 940
2262 620
2263 748
2264 1004
2265 556
2266 554
2267 553
2268 558
2269 555
2270 559
2271 557
2272 296
2273 40
2274 488
2275 680
2276 424
2277 616
2278 808
2279 936
2280 360
2281 104
2282 552
2283 168
2284 744
2285 872
2286 232
2287 1000
2288 1121
2289 1249
2290 1185
2291 1123
2292 1251
2293 1187
2294 1122
2295 1186
2296 1250
2297 1377
2298 1505
2299 1441
2300 1379
2301 1507
2302 1443
2303 1378
2304 1442
2305 1506
2306 1313
2307 1314
2308 1315
2309 1125
2310 1253
2311 1189
2312 1127
2313 1255
2314 1191
2315 1126
2316 1190
2317 1254
2318 1381
2319 1509
2320 1445
2321 1383
2322 1511
2323 1447
2324 1382
2325 1446
2326 1510
2327 1317
2328 1318
2329 1319
2330 1124
2331 1188
2332 1380
2333 1316
2334 1444
2335 1252
2336 1508
2337 1633
2338 1761
2339 1697
2340 1635
2341 1763
2342 1699
2343 1634
2344 1698
2345 1762
2346 1889
2347 2017
2348 1953
2349 1891
2350 2019
2351 1955
2352 1890
2353 1954
2354 2018
2355 1825
2356 1826
2357 1827
2358 1637
2359 1765
2360 1701
2361 1639
2362 1767
2363 1703
2364 1638
2365 1702
2366 1766
2367 1893
2368 2021
2369 1957
2370 1895
2371 2023
2372 1959
2373 1894
2374 1958
2375 2022
2376 1829
2377 1830
2378 1831
2379 1636
2380 1700
2381 1828
2382 1892
2383 1956
2384 1764
2385 2020
2386 1569
2387 1574
2388 1572
2389 1571
2390 1570
2391 1575
2392 1573
2393 1129
2394 1257
2395 1193
2396 1131
2397 1259
2398 1195
2399 1130
2400 1194
2401 1258
2402 1385
2403 1513
2404 1449
2405 1387
2406 1515
2407 1451
2408 1386
2409 1450
2410 1514
2411 1321
2412 1322
2413 1323
2414 1133
2415 1261
2416 1197
2417 1135
2418 1263
2419 1199
2420 1134
2421 1198
2422 1262
2423 1389
2424 1517
2425 1453
2426 1391
2427 1519
2428 1455
2429 1390
2430 1454
2431 1518
2432 1325
2433 1326
2434 1327
2435 1132
2436 1260
2437 1196
2438 1388
2439 1324
2440 1452
2441 1516
2442 1641
2443 1769
2444 1705
2445 1643
2446 1771
2447 1707
2448 1642
2449 1706
2450 1770
2451 1897
2452 2025
2453 1961
2454 1899
2455 2027
2456 1963
2457 1898
2458 1962
2459 2026
2460 1833
2461 1834
2462 1835
2463 1645
2464 1773
2465 1709
2466 1647
2467 1775
2468 1711
2469 1646
2470 1710
2471 1774
2472 1901
2473 2029
2474 1965
2475 1903
2476 2031
2477 1967
2478 1902
2479 1966
2480 2030
2481 1837
2482 1838
2483 1839
2484 1708
2485 1772
2486 1836
2487 2028
2488 1964
2489 1644
2490 1900
2491 1580
2492 1582
2493 1579
2494 1578
2495 1581
2496 1583
2497 1577
2498 1640
2499 2024
2500 1128
2501 1960
2502 1384
2503 1832
2504 1192
2505 1256
2506 1512
2507 1768
2508 1704
2509 1448
2510 1576
2511 1320
2512 1896
2513 1063
2514 1057
2515 1070
2516 1071
2517 1062
2518 1065
2519 1068
2520 1067
2521 1058
2522 1064
2523 1059
2524 1069
2525 1066
2526 1060
2527 1061
2528 49
2529 113
2530 241
2531 177
2532 51
2533 115
2534 243
2535 179
2536 50
2537 114
2538 178
2539 242
2540 369
2541 497
2542 433
2543 371
2544 499
2545 435
2546 370
2547 434
2548 498
2549 305
2550 306
2551 307
2552 53
2553 117
2554 245
2555 181
2556 55
2557 119
2558 247
2559 183
2560 54
2561 118
2562 182
2563 246
2564 373
2565 501
2566 437
2567 375
2568 503
2569 439
2570 374
2571 438
2572 502
2573 309
2574 310
2575 311
2576 52
2577 372
2578 244
2579 180
2580 436
2581 116
2582 500
2583 308
2584 625
2585 753
2586 689
2587 627
2588 755
2589 691
2590 626
2591 690
2592 754
2593 881
2594 1009
2595 945
2596 883
2597 1011
2598 947
2599 882
2600 946
2601 1010
2602 817
2603 818
2604 819
2605 629
2606 757
2607 693
2608 631
2609 759
2610 695
2611 630
2612 694
2613 758
2614 885
2615 1013
2616 949
2617 887
2618 1015
2619 951
2620 886
2621 950
2622 1014
2623 821
2624 822
2625 823
2626 628
2627 884
2628 692
2629 820
2630 756
2631 948
2632 1012
2633 561
2634 565
2635 563
2636 564
2637 566
2638 562
2639 567
2640 57
2641 121
2642 249
2643 185
2644 59
2645 123
2646 251
2647 187
2648 58
2649 122
2650 186
2651 250
2652 377
2653 505
2654 441
2655 379
2656 507
2657 443
2658 378
2659 442
2660 506
2661 313
2662 314
2663 315
2664 61
2665 125
2666 253
2667 189
2668 63
2669 127
2670 255
2671 191
2672 62
2673 126
2674 190
2675 254
2676 381
2677 509
2678 445
2679 383
2680 511
2681 447
2682 382
2683 446
2684 510
2685 317
2686 318
2687 319
2688 60
2689 124
2690 316
2691 380
2692 252
2693 444
2694 508
2695 188
2696 633
2697 761
2698 697
2699 635
2700 763
2701 699
2702 634
2703 698
2704 762
2705 889
2706 1017
2707 953
2708 891
2709 1019
2710 955
2711 890
2712 954
2713 1018
2714 825
2715 826
2716 827
2717 637
2718 765
2719 701
2720 639
2721 767
2722 703
2723 638
2724 702
2725 766
2726 893
2727 1021
2728 957
2729 895
2730 1023
2731 959
2732 894
2733 958
2734 1022
2735 829
2736 830
2737 831
2738 700
2739 764
2740 828
2741 1020
2742 892
2743 956
2744 636
2745 570
2746 569
2747 574
2748 571
2749 573
2750 572
2751 575
2752 1016
2753 56
2754 120
2755 184
2756 248
2757 376
2758 440
2759 504
2760 312
2761 568
2762 632
2763 696
2764 760
2765 824
2766 888
2767 952
2768 1137
2769 1265
2770 1201
2771 1139
2772 1267
2773 1203
2774 1138
2775 1202
2776 1266
2777 1393
2778 1521
2779 1457
2780 1395
2781 1523
2782 1459
2783 1394
2784 1458
2785 1522
2786 1329
2787 1330
2788 1331
2789 1141
2790 1269
2791 1205
2792 1143
2793 1271
2794 1207
2795 1142
2796 1206
2797 1270
2798 1397
2799 1525
2800 1461
2801 1399
2802 1527
2803 1463
2804 1398
2805 1462
2806 1526
2807 1333
2808 1334
2809 1335
2810 1332
2811 1204
2812 1140
2813 1396
2814 1268
2815 1460
2816 1524
2817 1649
2818 1777
2819 1713
2820 1651
2821 1779
2822 1715
2823 1650
2824 1714
2825 1778
2826 1905
2827 2033
2828 1969
2829 1907
2830 2035
2831 1971
2832 1906
2833 1970
2834 2034
2835 1841
2836 1842
2837 1843
2838 1653
2839 1781
2840 1717
2841 1655
2842 1783
2843 1719
2844 1654
2845 1718
2846 1782
2847 1909
2848 2037
2849 1973
2850 1911
2851 2039
2852 1975
2853 1910
2854 1974
2855 2038
2856 1845
2857 1846
2858 1847
2859 1652
2860 1908
2861 1716
2862 1780
2863 1844
2864 2036
2865 1972
2866 1590
2867 1585
2868 1589
2869 1588
2870 1587
2871 1586
2872 1591
2873 1145
2874 1273
2875 1209
2876 1147
2877 1275
2878 1211
2879 1146
2880 1210
2881 1274
2882 1401
2883 1529
2884 1465
2885 1403
2886 1531
2887 1467
2888 1402
2889 1466
2890 1530
2891 1337
2892 1338
2893 1339
2894 1149
2895 1277
2896 1213
2897 1151
2898 1279
2899 1215
2900 1150
2901 1214
2902 1278
2903 1405
2904 1533
2905 1469
2906 1407
2907 1535
2908 1471
2909 1406
2910 1470
2911 1534
2912 1341
2913 1342
2914 1343
2915 1532
2916 1148
2917 1212
2918 1276
2919 1340
2920 1404
2921 1468
2922 1657
2923 1785
2924 1721
2925 1659
2926 1787
2927 1723
2928 1658
2929 1722
2930 1786
2931 1913
2932 2041
2933 1977
2934 1915
2935 2043
2936 1979
2937 1914
2938 1978
2939 2042
2940 1849
2941 1850
2942 1851
2943 1661
2944 1789
2945 1725
2946 1663
2947 1791
2948 1727
2949 1662
2950 1726
2951 1790
2952 1917
2953 2045
2954 1981
2955 1919
2956 2047
2957 1983
2958 1918
2959 1982
2960 2046
2961 1853
2962 1854
2963 1855
2964 1660
2965 1724
2966 1916
2967 1852
2968 1788
2969 1980
2970 2044
2971 1596
2972 1593
2973 1598
2974 1595
2975 1594
2976 1597
2977 1599
2978 2040
2979 1912
2980 1144
2981 1784
2982 1400
2983 1336
2984 1592
2985 1208
2986 1976
2987 1272
2988 1528
2989 1656
2990 1848
2991 1720
2992 1464
2993 1077
2994 1083
2995 1079
2996 1076
2997 1080
2998 1074
2999 1073
3000 1087
3001 1084
3002 1078
3003 1085
3004 1086
3005 1075
3006 1081
3007 1082
3008 112
3009 1264
3010 48
3011 752
3012 816
3013 1328
3014 1392
3015 1520
3016 624
3017 1904
3018 1840
3019 432
3020 1136
3021 368
3022 1456
3023 2032
3024 1584
3025 304
3026 1776
3027 240
3028 1008
3029 1712
3030 1968
3031 688
3032 1072
3033 944
3034 1648
3035 1200
3036 176
3037 560
3038 496
3039 880
3040 2145
3041 2273
3042 2209
3043 2147
3044 2275
3045 2211
3046 2146
3047 2210
3048 2274
3049 2401
3050 2529
3051 2465
3052 2403
3053 2531
3054 2467
3055 2402
3056 2466
3057 2530
3058 2337
3059 2338
3060 2339
3061 2149
3062 2277
3063 2213
3064 2151
3065 2279
3066 2215
3067 2150
3068 2214
3069 2278
3070 2405
3071 2533
3072 2469
3073 2407
3074 2535
3075 2471
3076 2406
3077 2470
3078 2534
3079 2341
3080 2342
3081 2343
3082 2148
3083 2212
3084 2404
3085 2340
3086 2276
3087 2468
3088 2532
3089 2657
3090 2785
3091 2721
3092 2659
3093 2787
3094 2723
3095 2658
3096 2722
3097 2786
3098 2913
3099 3041
3100 2977
3101 2915
3102 3043
3103 2979
3104 2914
3105 2978
3106 3042
3107 2849
3108 2850
3109 2851
3110 2661
3111 2789
3112 2725
3113 2663
3114 2791
3115 2727
3116 2662
3117 2726
3118 2790
3119 2917
3120 3045
3121 2981
3122 2919
3123 3047
3124 2983
3125 2918
3126 2982
3127 3046
3128 2853
3129 2854
3130 2855
3131 2660
3132 2724
3133 2916
3134 2852
3135 2788
3136 2980
3137 3044
3138 2599
3139 2598
3140 2593
3141 2594
3142 2595
3143 2597
3144 2596
3145 2153
3146 2281
3147 2217
3148 2155
3149 2283
3150 2219
3151 2154
3152 2218
3153 2282
3154 2409
3155 2537
3156 2473
3157 2411
3158 2539
3159 2475
3160 2410
3161 2474
3162 2538
3163 2345
3164 2346
3165 2347
3166 2157
3167 2285
3168 2221
3169 2159
3170 2287
3171 2223
3172 2158
3173 2222
3174 2286
3175 2413
3176 2541
3177 2477
3178 2415
3179 2543
3180 2479
3181 2414
3182 2478
3183 2542
3184 2349
3185 2350
3186 2351
3187 2156
3188 2220
3189 2348
3190 2412
3191 2476
3192 2284
3193 2540
3194 2665
3195 2793
3196 2729
3197 2667
3198 2795
3199 2731
3200 2666
3201 2730
3202 2794
3203 2921
3204 3049
3205 2985
3206 2923
3207 3051
3208 2987
3209 2922
3210 2986
3211 3050
3212 2857
3213 2858
3214 2859
3215 2669
3216 2797
3217 2733
3218 2671
3219 2799
3220 2735
3221 2670
3222 2734
3223 2798
3224 2925
3225 3053
3226 2989
3227 2927
3228 3055
3229 2991
3230 2926
3231 2990
3232 3054
3233 2861
3234 2862
3235 2863
3236 2668
3237 2732
3238 2796
3239 2860
3240 2924
3241 2988
3242 3052
3243 2606
3244 2604
3245 2602
3246 2601
3247 2605
3248 2603
3249 2607
3250 2152
3251 2216
3252 2856
3253 2344
3254 2664
3255 2792
3256 2920
3257 2536
3258 2280
3259 2472
3260 2984
3261 2728
3262 2600
3263 2408
3264 3048
3265 3169
3266 3297
3267 3233
3268 3171
3269 3299
3270 3235
3271 3170
3272 3234
3273 3298
3274 3425
3275 3553
3276 3489
3277 3427
3278 3555
3279 3491
3280 3426
3281 3490
3282 3554
3283 3361
3284 3362
3285 3363
3286 3173
3287 3301
3288 3237
3289 3175
3290 3303
3291 3239
3292 3174
3293 3238
3294 3302
3295 3429
3296 3557
3297 3493
3298 3431
3299 3559
3300 3495
3301 3430
3302 3494
3303 3558
3304 3365
3305 3366
3306 3367
3307 3172
3308 3364
3309 3236
3310 3300
3311 3428
3312 3492
3313 3556
3314 3681
3315 3809
3316 3745
3317 3683
3318 3811
3319 3747
3320 3682
3321 3746
3322 3810
3323 3937
3324 4065
3325 4001
3326 3939
3327 4067
3328 4003
3329 3938
3330 4002
3331 4066
3332 3873
3333 3874
3334 3875
3335 3685
3336 3813
3337 3749
3338 3687
3339 3815
3340 3751
3341 3686
3342 3750
3343 3814
3344 3941
3345 4069
3346 4005
3347 3943
3348 4071
3349 4007
3350 3942
3351 4006
3352 4070
3353 3877
3354 3878
3355 3879
3356 3684
3357 3748
3358 3812
3359 4004
3360 3876
3361 4068
3362 3940
3363 3617
3364 3622
3365 3618
3366 3623
3367 3620
3368 3619
3369 3621
3370 3177
3371 3305
3372 3241
3373 3179
3374 3307
3375 3243
3376 3178
3377 3242
3378 3306
3379 3433
3380 3561
3381 3497
3382 3435
3383 3563
3384 3499
3385 3434
3386 3498
3387 3562
3388 3369
3389 3370
3390 3371
3391 3181
3392 3309
3393 3245
3394 3183
3395 3311
3396 3247
3397 3182
3398 3246
3399 3310
3400 3437
3401 3565
3402 3501
3403 3439
3404 3567
3405 3503
3406 3438
3407 3502
3408 3566
3409 3373
3410 3374
3411 3375
3412 3180
3413 3244
3414 3308
3415 3564
3416 3372
3417 3436
3418 3500
3419 3689
3420 3817
3421 3753
3422 3691
3423 3819
3424 3755
3425 3690
3426 3754
3427 3818
3428 3945
3429 4073
3430 4009
3431 3947
3432 4075
3433 4011
3434 3946
3435 4010
3436 4074
3437 3881
3438 3882
3439 3883
3440 3693
3441 3821
3442 3757
3443 3695
3444 3823
3445 3759
3446 3694
3447 3758
3448 3822
3449 3949
3450 4077
3451 4013
3452 3951
3453 4079
3454 4015
3455 3950
3456 4014
3457 4078
3458 3885
3459 3886
3460 3887
3461 3692
3462 3756
3463 3884
3464 3948
3465 3820
3466 4012
3467 4076
3468 3629
3469 3626
3470 3625
3471 3628
3472 3627
3473 3631
3474 3630
3475 3944
3476 3432
3477 3176
3478 3240
3479 3560
3480 3624
3481 3496
3482 4008
3483 3304
3484 3688
3485 3368
3486 3880
3487 3816
3488 3752
3489 4072
3490 3116
3491 3108
3492 3112
3493 3107
3494 3113
3495 3105
3496 3109
3497 3117
3498 3119
3499 3110
3500 3118
3501 3114
3502 3106
3503 3115
3504 3111
3505 2161
3506 2289
3507 2225
3508 2163
3509 2291
3510 2227
3511 2162
3512 2226
3513 2290
3514 2417
3515 2545
3516 2481
3517 2419
3518 2547
3519 2483
3520 2418
3521 2482
3522 2546
3523 2353
3524 2354
3525 2355
3526 2165
3527 2293
3528 2229
3529 2167
3530 2295
3531 2231
3532 2166
3533 2230
3534 2294
3535 2421
3536 2549
3537 2485
3538 2423
3539 2551
3540 2487
3541 2422
3542 2486
3543 2550
3544 2357
3545 2358
3546 2359
3547 2228
3548 2292
3549 2356
3550 2164
3551 2420
3552 2484
3553 2548
3554 2673
3555 2801
3556 2737
3557 2675
3558 2803
3559 2739
3560 2674
3561 2738
3562 2802
3563 2929
3564 3057
3565 2993
3566 2931
3567 3059
3568 2995
3569 2930
3570 2994
3571 3058
3572 2865
3573 2866
3574 2867
3575 2677
3576 2805
3577 2741
3578 2679
3579 2807
3580 2743
3581 2678
3582 2742
3583 2806
3584 2933
3585 3061
3586 2997
3587 2935
3588 3063
3589 2999
3590 2934
3591 2998
3592 3062
3593 2869
3594 2870
3595 2871
3596 2676
3597 2740
3598 2932
3599 2868
3600 2996
3601 2804
3602 3060
3603 2610
3604 2611
3605 2612
3606 2609
3607 2613
3608 2614
3609 2615
3610 2169
3611 2297
3612 2233
3613 2171
3614 2299
3615 2235
3616 2170
3617 2234
3618 2298
3619 2425
3620 2553
3621 2489
3622 2427
3623 2555
3624 2491
3625 2426
3626 2490
3627 2554
3628 2361
3629 2362
3630 2363
3631 2173
3632 2301
3633 2237
3634 2175
3635 2303
3636 2239
3637 2174
3638 2238
3639 2302
3640 2429
3641 2557
3642 2493
3643 2431
3644 2559
3645 2495
3646 2430
3647 2494
3648 2558
3649 2365
3650 2366
3651 2367
3652 2172
3653 2236
3654 2428
3655 2364
3656 2300
3657 2492
3658 2556
3659 2681
3660 2809
3661 2745
3662 2683
3663 2811
3664 2747
3665 2682
3666 2746
3667 2810
3668 2937
3669 3065
3670 3001
3671 2939
3672 3067
3673 3003
3674 2938
3675 3002
3676 3066
3677 2873
3678 2874
3679 2875
3680 2685
3681 2813
3682 2749
3683 2687
3684 2815
3685 2751
3686 2686
3687 2750
3688 2814
3689 2941
3690 3069
3691 3005
3692 2943
3693 3071
3694 3007
3695 2942
3696 3006
3697 3070
3698 2877
3699 2878
3700 2879
3701 2748
3702 2812
3703 2876
3704 3068
3705 2940
3706 3004
3707 2684
3708 2621
3709 2622
3710 2619
3711 2617
3712 2620
3713 2618
3714 2623
3715 2168
3716 2232
3717 2680
3718 2616
3719 2552
3720 2488
3721 2744
3722 2872
3723 2936
3724 2296
3725 2808
3726 3000
3727 2424
3728 2360
3729 3064
3730 3185
3731 3313
3732 3249
3733 3187
3734 3315
3735 3251
3736 3186
3737 3250
3738 3314
3739 3441
3740 3569
3741 3505
3742 3443
3743 3571
3744 3507
3745 3442
3746 3506
3747 3570
3748 3377
3749 3378
3750 3379
3751 3189
3752 3317
3753 3253
3754 3191
3755 3319
3756 3255
3757 3190
3758 3254
3759 3318
3760 3445
3761 3573
3762 3509
3763 3447
3764 3575
3765 3511
3766 3446
3767 3510
3768 3574
3769 3381
3770 3382
3771 3383
3772 3188
3773 3252
3774 3444
3775 3316
3776 3508
3777 3380
3778 3572
3779 3697
3780 3825
3781 3761
3782 3699
3783 3827
3784 3763
3785 3698
3786 3762
3787 3826
3788 3953
3789 4081
3790 4017
3791 3955
3792 4083
3793 4019
3794 3954
3795 4018
3796 4082
3797 3889
3798 3890
3799 3891
3800 3701
3801 3829
3802 3765
3803 3703
3804 3831
3805 3767
3806 3702
3807 3766
3808 3830
3809 3957
3810 4085
3811 4021
3812 3959
3813 4087
3814 4023
3815 3958
3816 4022
3817 4086
3818 3893
3819 3894
3820 3895
3821 3700
3822 3956
3823 3764
3824 3828
3825 3892
3826 4020
3827 4084
3828 3636
3829 3633
3830 3639
3831 3634
3832 3638
3833 3635
3834 3637
3835 3193
3836 3321
3837 3257
3838 3195
3839 3323
3840 3259
3841 3194
3842 3258
3843 3322
3844 3449
3845 3577
3846 3513
3847 3451
3848 3579
3849 3515
3850 3450
3851 3514
3852 3578
3853 3385
3854 3386
3855 3387
3856 3197
3857 3325
3858 3261
3859 3199
3860 3327
3861 3263
3862 3198
3863 3262
3864 3326
3865 3453
3866 3581
3867 3517
3868 3455
3869 3583
3870 3519
3871 3454
3872 3518
3873 3582
3874 3389
3875 3390
3876 3391
3877 3452
3878 3196
3879 3260
3880 3324
3881 3516
3882 3580
3883 3388
3884 3705
3885 3833
3886 3769
3887 3707
3888 3835
3889 3771
3890 3706
3891 3770
3892 3834
3893 3961
3894 4089
3895 4025
3896 3963
3897 4091
3898 4027
3899 3962
3900 4026
3901 4090
3902 3897
3903 3898
3904 3899
3905 3709
3906 3837
3907 3773
3908 3711
3909 3839
3910 3775
3911 3710
3912 3774
3913 3838
3914 3965
3915 4093
3916 4029
3917 3967
3918 4095
3919 4031
3920 3966
3921 4030
3922 4094
3923 3901
3924 3902
3925 3903
3926 4028
3927 3708
3928 3772
3929 3964
3930 3836
3931 3900
3932 4092
3933 3645
3934 3644
3935 3642
3936 3641
3937 3643
3938 3646
3939 3647
3940 3192
3941 3320
3942 3640
3943 4024
3944 3384
3945 4088
3946 3832
3947 3960
3948 3448
3949 3256
3950 3704
3951 3576
3952 3512
3953 3896
3954 3768
3955 3128
3956 3125
3957 3122
3958 3121
3959 3126
3960 3132
3961 3135
3962 3130
3963 3123
3964 3134
3965 3124
3966 3133
3967 3127
3968 3129
3969 3131
3970 3824
3971 2992
3972 3120
3973 2800
3974 2544
3975 2416
3976 2160
3977 2672
3978 3696
3979 2928
3980 2288
3981 3760
3982 3312
3983 3440
3984 3568
3985 3056
3986 3952
3987 4016
3988 2736
3989 4080
3990 2608
3991 2480
3992 3248
3993 3184
3994 3632
3995 3504
3996 2864
3997 3888
3998 2352
3999 3376
4000 2224
4001 2101
4002 2103
4003 2088
4004 2104
4005 2084
4006 2100
4007 2090
4008 2094
4009 2097
4010 2087
4011 2091
4012 2102
4013 2092
4014 2086
4015 2093
4016 2081
4017 2105
4018 2085
4019 2095
4020 2106
4021 2096
4022 2098
4023 2099
4024 2110
4025 2083
4026 2107
4027 2109
4028 2108
4029 2082
4030 2111
4031 2089
4032 1376
4033 2016
4034 736
4035 1248
4036 544
4037 2272
4038 2080
4039 1312
4040 3040
4041 3104
4042 2464
4043 2912
4044 2528
4045 1888
4046 224
4047 1760
4048 2976
4049 2720
4050 2784
4051 3936
4052 3360
4053 1120
4054 3744
4055 2656
4056 1824
4057 2336
4058 3424
4059 2144
4060 32
4061 1632
4062 608
4063 1568
4064 3680
4065 2848
4066 4064
4067 3488
4068 2208
4069 96
4070 288
4071 3168
4072 800
4073 672
4074 416
4075 1056
4076 3232
4077 1696
4078 992
4079 480
4080 1440
4081 1184
4082 3872
4083 3296
4084 3808
4085 3552
4086 4000
4087 1952
4088 3616
4089 352
4090 864
4091 928
4092 2592
4093 2400
4094 1504
4095 160
