0 0
1 10
2 1
3 11
4 30
5 40
6 31
7 41
8 20
9 21
10 3
11 13
12 4
13 14
14 33
15 43
16 34
17 44
18 23
19 24
20 2
21 12
22 22
23 32
24 42
25 60
26 70
27 61
28 71
29 90
30 91
31 80
32 81
33 63
34 73
35 64
36 74
37 93
38 94
39 83
40 84
41 62
42 72
43 82
44 92
45 53
46 50
47 54
48 51
49 52
50 6
51 16
52 7
53 17
54 36
55 46
56 37
57 47
58 26
59 27
60 9
61 19
62 39
63 49
64 29
65 8
66 18
67 28
68 38
69 48
70 66
71 76
72 67
73 77
74 96
75 97
76 86
77 87
78 69
79 79
80 99
81 89
82 68
83 78
84 88
85 98
86 56
87 58
88 57
89 59
90 5
91 25
92 85
93 95
94 35
95 15
96 55
97 65
98 45
99 75
