0.847648
0.661515
0.661515
0.516254
0.245378
0.116629
0.191496
0.0910188
0.437602
0.34151
0.245378
0.191496
0.116629
0.0910188
0.0710321
0.0337619
0.0337619
0.0160472
0.126677
0.0602103
0.437602
0.34151
0.225914
0.126677
0.0602103
0.016047
0.00464527
0.0125232
0.00362523
0.000237081
0.000185021
0.00113985
0.000889549
0.00464528
0.00134472
0.00220792
0.00063915
6.86303e-05
3.26203e-05
0.000329963
0.000156833
0.00828431
0.00239814
0.00058845
0.000122394
0.0136022
0.0469883
0.00646519
0.0366703
0.0242579
0.016047
0.0125232
0.00464527
0.00362523
0.00464528
0.00220792
0.00134472
0.00063915
0.00828431
0.00239814
0.000237081
0.000185021
6.86303e-05
3.26203e-05
0.000122394
0.00113985
0.000889549
0.00058845
0.000329963
0.000156833
0.000303787
8.79404e-05
8.79404e-05
2.5457e-05
4.48821e-06
1.29925e-06
2.15786e-05
6.24657e-06
4.48821e-06
1.29925e-06
6.63097e-08
3.18806e-07
2.15786e-05
6.24657e-06
1.53277e-06
3.18806e-07
0.000889543
6.31859e-05
0.000257505
1.31423e-05
0.0469883
0.0242579
6.31859e-05
1.31423e-05
0.0136022
0.0366703
0.00260474
0.000889543
0.00646519
0.000257505
