0 0 1
1 0 10
2 1 2
3 1 11
4 2 3
5 2 12
6 3 4
7 3 13
8 4 5
9 4 14
10 5 6
11 5 15
12 6 7
13 6 16
14 7 8
15 7 17
16 8 9
17 8 18
18 9 19
19 10 11
20 10 20
21 11 12
22 11 21
23 12 13
24 12 22
25 13 14
26 13 23
27 14 15
28 14 24
29 15 16
30 15 25
31 16 17
32 16 26
33 17 18
34 17 27
35 18 19
36 18 28
37 19 29
38 20 21
39 20 30
40 21 22
41 21 31
42 22 23
43 22 32
44 23 24
45 23 33
46 24 25
47 24 34
48 25 26
49 25 35
50 26 27
51 26 36
52 27 28
53 27 37
54 28 29
55 28 38
56 29 39
57 30 31
58 30 40
59 31 32
60 31 41
61 32 33
62 32 42
63 33 34
64 33 43
65 34 35
66 34 44
67 35 36
68 35 45
69 36 37
70 36 46
71 37 38
72 37 47
73 38 39
74 38 48
75 39 49
76 40 41
77 40 50
78 41 42
79 41 51
80 42 43
81 42 52
82 43 44
83 43 53
84 44 45
85 44 54
86 45 46
87 45 55
88 46 47
89 46 56
90 47 48
91 47 57
92 48 49
93 48 58
94 49 59
95 50 51
96 50 60
97 51 52
98 51 61
99 52 53
100 52 62
101 53 54
102 53 63
103 54 55
104 54 64
105 55 56
106 55 65
107 56 57
108 56 66
109 57 58
110 57 67
111 58 59
112 58 68
113 59 69
114 60 61
115 60 70
116 61 62
117 61 71
118 62 63
119 62 72
120 63 64
121 63 73
122 64 65
123 64 74
124 65 66
125 65 75
126 66 67
127 66 76
128 67 68
129 67 77
130 68 69
131 68 78
132 69 79
133 70 71
134 70 80
135 71 72
136 71 81
137 72 73
138 72 82
139 73 74
140 73 83
141 74 75
142 74 84
143 75 76
144 75 85
145 76 77
146 76 86
147 77 78
148 77 87
149 78 79
150 78 88
151 79 89
152 80 81
153 80 90
154 81 82
155 81 91
156 82 83
157 82 92
158 83 84
159 83 93
160 84 85
161 84 94
162 85 86
163 85 95
164 86 87
165 86 96
166 87 88
167 87 97
168 88 89
169 88 98
170 89 99
171 90 91
172 91 92
173 92 93
174 93 94
175 94 95
176 95 96
177 96 97
178 97 98
179 98 99
