0 1 1 0.0909091 0.0909091
1 2 1 0.181818 0.0909091
2 3 1 0.272727 0.0909091
3 4 1 0.363636 0.0909091
4 5 1 0.454545 0.0909091
5 6 1 0.545455 0.0909091
6 7 1 0.636364 0.0909091
7 8 1 0.727273 0.0909091
8 9 1 0.818182 0.0909091
9 10 1 0.909091 0.0909091
10 1 2 0.0909091 0.181818
11 2 2 0.181818 0.181818
12 3 2 0.272727 0.181818
13 4 2 0.363636 0.181818
14 5 2 0.454545 0.181818
15 6 2 0.545455 0.181818
16 7 2 0.636364 0.181818
17 8 2 0.727273 0.181818
18 9 2 0.818182 0.181818
19 10 2 0.909091 0.181818
20 1 3 0.0909091 0.272727
21 2 3 0.181818 0.272727
22 3 3 0.272727 0.272727
23 4 3 0.363636 0.272727
24 5 3 0.454545 0.272727
25 6 3 0.545455 0.272727
26 7 3 0.636364 0.272727
27 8 3 0.727273 0.272727
28 9 3 0.818182 0.272727
29 10 3 0.909091 0.272727
30 1 4 0.0909091 0.363636
31 2 4 0.181818 0.363636
32 3 4 0.272727 0.363636
33 4 4 0.363636 0.363636
34 5 4 0.454545 0.363636
35 6 4 0.545455 0.363636
36 7 4 0.636364 0.363636
37 8 4 0.727273 0.363636
38 9 4 0.818182 0.363636
39 10 4 0.909091 0.363636
40 1 5 0.0909091 0.454545
41 2 5 0.181818 0.454545
42 3 5 0.272727 0.454545
43 4 5 0.363636 0.454545
44 5 5 0.454545 0.454545
45 6 5 0.545455 0.454545
46 7 5 0.636364 0.454545
47 8 5 0.727273 0.454545
48 9 5 0.818182 0.454545
49 10 5 0.909091 0.454545
50 1 6 0.0909091 0.545455
51 2 6 0.181818 0.545455
52 3 6 0.272727 0.545455
53 4 6 0.363636 0.545455
54 5 6 0.454545 0.545455
55 6 6 0.545455 0.545455
56 7 6 0.636364 0.545455
57 8 6 0.727273 0.545455
58 9 6 0.818182 0.545455
59 10 6 0.909091 0.545455
60 1 7 0.0909091 0.636364
61 2 7 0.181818 0.636364
62 3 7 0.272727 0.636364
63 4 7 0.363636 0.636364
64 5 7 0.454545 0.636364
65 6 7 0.545455 0.636364
66 7 7 0.636364 0.636364
67 8 7 0.727273 0.636364
68 9 7 0.818182 0.636364
69 10 7 0.909091 0.636364
70 1 8 0.0909091 0.727273
71 2 8 0.181818 0.727273
72 3 8 0.272727 0.727273
73 4 8 0.363636 0.727273
74 5 8 0.454545 0.727273
75 6 8 0.545455 0.727273
76 7 8 0.636364 0.727273
77 8 8 0.727273 0.727273
78 9 8 0.818182 0.727273
79 10 8 0.909091 0.727273
80 1 9 0.0909091 0.818182
81 2 9 0.181818 0.818182
82 3 9 0.272727 0.818182
83 4 9 0.363636 0.818182
84 5 9 0.454545 0.818182
85 6 9 0.545455 0.818182
86 7 9 0.636364 0.818182
87 8 9 0.727273 0.818182
88 9 9 0.818182 0.818182
89 10 9 0.909091 0.818182
90 1 10 0.0909091 0.909091
91 2 10 0.181818 0.909091
92 3 10 0.272727 0.909091
93 4 10 0.363636 0.909091
94 5 10 0.454545 0.909091
95 6 10 0.545455 0.909091
96 7 10 0.636364 0.909091
97 8 10 0.727273 0.909091
98 9 10 0.818182 0.909091
99 10 10 0.909091 0.909091
