0 0 4.84
0 2 -1.21
0 1 -1.21
2 2 4.84
2 0 -1.21
2 20 -1.21
2 3 -1.21
20 20 4.84
20 2 -1.21
20 10 -1.21
20 21 -1.21
10 10 4.84
10 20 -1.21
10 12 -1.21
10 11 -1.21
12 12 4.84
12 10 -1.21
12 90 -1.21
12 13 -1.21
90 90 4.84
90 12 -1.21
90 50 -1.21
90 95 -1.21
50 50 4.84
50 90 -1.21
50 52 -1.21
50 51 -1.21
52 52 4.84
52 50 -1.21
52 65 -1.21
52 53 -1.21
65 65 4.84
65 52 -1.21
65 60 -1.21
65 66 -1.21
60 60 4.84
60 65 -1.21
60 61 -1.21
1 1 4.84
1 3 -1.21
1 0 -1.21
1 8 -1.21
3 3 4.84
3 1 -1.21
3 21 -1.21
3 2 -1.21
3 9 -1.21
21 21 4.84
21 3 -1.21
21 11 -1.21
21 20 -1.21
21 22 -1.21
11 11 4.84
11 21 -1.21
11 13 -1.21
11 10 -1.21
11 18 -1.21
13 13 4.84
13 11 -1.21
13 95 -1.21
13 12 -1.21
13 19 -1.21
95 95 4.84
95 13 -1.21
95 51 -1.21
95 90 -1.21
95 91 -1.21
51 51 4.84
51 95 -1.21
51 53 -1.21
51 50 -1.21
51 58 -1.21
53 53 4.84
53 51 -1.21
53 66 -1.21
53 52 -1.21
53 59 -1.21
66 66 4.84
66 53 -1.21
66 61 -1.21
66 65 -1.21
66 67 -1.21
61 61 4.84
61 66 -1.21
61 60 -1.21
61 64 -1.21
8 8 4.84
8 9 -1.21
8 1 -1.21
8 4 -1.21
9 9 4.84
9 8 -1.21
9 22 -1.21
9 3 -1.21
9 6 -1.21
22 22 4.84
22 9 -1.21
22 18 -1.21
22 21 -1.21
22 23 -1.21
18 18 4.84
18 22 -1.21
18 19 -1.21
18 11 -1.21
18 14 -1.21
19 19 4.84
19 18 -1.21
19 91 -1.21
19 13 -1.21
19 16 -1.21
91 91 4.84
91 19 -1.21
91 58 -1.21
91 95 -1.21
91 94 -1.21
58 58 4.84
58 91 -1.21
58 59 -1.21
58 51 -1.21
58 54 -1.21
59 59 4.84
59 58 -1.21
59 67 -1.21
59 53 -1.21
59 56 -1.21
67 67 4.84
67 59 -1.21
67 64 -1.21
67 66 -1.21
67 68 -1.21
64 64 4.84
64 67 -1.21
64 61 -1.21
64 62 -1.21
4 4 4.84
4 6 -1.21
4 8 -1.21
4 5 -1.21
6 6 4.84
6 4 -1.21
6 23 -1.21
6 9 -1.21
6 7 -1.21
23 23 4.84
23 6 -1.21
23 14 -1.21
23 22 -1.21
23 24 -1.21
14 14 4.84
14 23 -1.21
14 16 -1.21
14 18 -1.21
14 15 -1.21
16 16 4.84
16 14 -1.21
16 94 -1.21
16 19 -1.21
16 17 -1.21
94 94 4.84
94 16 -1.21
94 54 -1.21
94 91 -1.21
94 98 -1.21
54 54 4.84
54 94 -1.21
54 56 -1.21
54 58 -1.21
54 55 -1.21
56 56 4.84
56 54 -1.21
56 68 -1.21
56 59 -1.21
56 57 -1.21
68 68 4.84
68 56 -1.21
68 62 -1.21
68 67 -1.21
68 69 -1.21
62 62 4.84
62 68 -1.21
62 64 -1.21
62 63 -1.21
5 5 4.84
5 7 -1.21
5 4 -1.21
5 46 -1.21
7 7 4.84
7 5 -1.21
7 24 -1.21
7 6 -1.21
7 48 -1.21
24 24 4.84
24 7 -1.21
24 15 -1.21
24 23 -1.21
24 49 -1.21
15 15 4.84
15 24 -1.21
15 17 -1.21
15 14 -1.21
15 45 -1.21
17 17 4.84
17 15 -1.21
17 98 -1.21
17 16 -1.21
17 47 -1.21
98 98 4.84
98 17 -1.21
98 55 -1.21
98 94 -1.21
98 96 -1.21
55 55 4.84
55 98 -1.21
55 57 -1.21
55 54 -1.21
55 86 -1.21
57 57 4.84
57 55 -1.21
57 69 -1.21
57 56 -1.21
57 88 -1.21
69 69 4.84
69 57 -1.21
69 63 -1.21
69 68 -1.21
69 87 -1.21
63 63 4.84
63 69 -1.21
63 62 -1.21
63 89 -1.21
46 46 4.84
46 48 -1.21
46 5 -1.21
46 25 -1.21
48 48 4.84
48 46 -1.21
48 49 -1.21
48 7 -1.21
48 27 -1.21
49 49 4.84
49 48 -1.21
49 45 -1.21
49 24 -1.21
49 41 -1.21
45 45 4.84
45 49 -1.21
45 47 -1.21
45 15 -1.21
45 33 -1.21
47 47 4.84
47 45 -1.21
47 96 -1.21
47 17 -1.21
47 35 -1.21
96 96 4.84
96 47 -1.21
96 86 -1.21
96 98 -1.21
96 97 -1.21
86 86 4.84
86 96 -1.21
86 88 -1.21
86 55 -1.21
86 70 -1.21
88 88 4.84
88 86 -1.21
88 87 -1.21
88 57 -1.21
88 72 -1.21
87 87 4.84
87 88 -1.21
87 89 -1.21
87 69 -1.21
87 82 -1.21
89 89 4.84
89 87 -1.21
89 63 -1.21
89 78 -1.21
25 25 4.84
25 27 -1.21
25 46 -1.21
25 26 -1.21
27 27 4.84
27 25 -1.21
27 41 -1.21
27 48 -1.21
27 28 -1.21
41 41 4.84
41 27 -1.21
41 33 -1.21
41 49 -1.21
41 42 -1.21
33 33 4.84
33 41 -1.21
33 35 -1.21
33 45 -1.21
33 34 -1.21
35 35 4.84
35 33 -1.21
35 97 -1.21
35 47 -1.21
35 36 -1.21
97 97 4.84
97 35 -1.21
97 70 -1.21
97 96 -1.21
97 99 -1.21
70 70 4.84
70 97 -1.21
70 72 -1.21
70 86 -1.21
70 71 -1.21
72 72 4.84
72 70 -1.21
72 82 -1.21
72 88 -1.21
72 73 -1.21
82 82 4.84
82 72 -1.21
82 78 -1.21
82 87 -1.21
82 83 -1.21
78 78 4.84
78 82 -1.21
78 89 -1.21
78 79 -1.21
26 26 4.84
26 28 -1.21
26 25 -1.21
26 31 -1.21
28 28 4.84
28 26 -1.21
28 42 -1.21
28 27 -1.21
28 32 -1.21
42 42 4.84
42 28 -1.21
42 34 -1.21
42 41 -1.21
42 43 -1.21
34 34 4.84
34 42 -1.21
34 36 -1.21
34 33 -1.21
34 39 -1.21
36 36 4.84
36 34 -1.21
36 99 -1.21
36 35 -1.21
36 40 -1.21
99 99 4.84
99 36 -1.21
99 71 -1.21
99 97 -1.21
99 92 -1.21
71 71 4.84
71 99 -1.21
71 73 -1.21
71 70 -1.21
71 76 -1.21
73 73 4.84
73 71 -1.21
73 83 -1.21
73 72 -1.21
73 77 -1.21
83 83 4.84
83 73 -1.21
83 79 -1.21
83 82 -1.21
83 84 -1.21
79 79 4.84
79 83 -1.21
79 78 -1.21
79 81 -1.21
31 31 4.84
31 32 -1.21
31 26 -1.21
31 29 -1.21
32 32 4.84
32 31 -1.21
32 43 -1.21
32 28 -1.21
32 30 -1.21
43 43 4.84
43 32 -1.21
43 39 -1.21
43 42 -1.21
43 44 -1.21
39 39 4.84
39 43 -1.21
39 40 -1.21
39 34 -1.21
39 37 -1.21
40 40 4.84
40 39 -1.21
40 92 -1.21
40 36 -1.21
40 38 -1.21
92 92 4.84
92 40 -1.21
92 76 -1.21
92 99 -1.21
92 93 -1.21
76 76 4.84
76 92 -1.21
76 77 -1.21
76 71 -1.21
76 74 -1.21
77 77 4.84
77 76 -1.21
77 84 -1.21
77 73 -1.21
77 75 -1.21
84 84 4.84
84 77 -1.21
84 81 -1.21
84 83 -1.21
84 85 -1.21
81 81 4.84
81 84 -1.21
81 79 -1.21
81 80 -1.21
29 29 4.84
29 30 -1.21
29 31 -1.21
30 30 4.84
30 29 -1.21
30 44 -1.21
30 32 -1.21
44 44 4.84
44 30 -1.21
44 37 -1.21
44 43 -1.21
37 37 4.84
37 44 -1.21
37 38 -1.21
37 39 -1.21
38 38 4.84
38 37 -1.21
38 93 -1.21
38 40 -1.21
93 93 4.84
93 38 -1.21
93 74 -1.21
93 92 -1.21
74 74 4.84
74 93 -1.21
74 75 -1.21
74 76 -1.21
75 75 4.84
75 74 -1.21
75 85 -1.21
75 77 -1.21
85 85 4.84
85 75 -1.21
85 80 -1.21
85 84 -1.21
80 80 4.84
80 85 -1.21
80 81 -1.21
